0,batch_size,lr,max_epochs,module__activation_fct,module__channel_list,module__conv_type,module__dropout,module__fc_hidden_layers,module__preprocess,module__temporal_attention,train_loss_0,train_loss_1,train_loss_2,train_loss_min,train_loss_max,train_loss_mean,train_loss_std,valid_acc_0,valid_acc_1,valid_acc_2,valid_acc_min,valid_acc_max,valid_acc_mean,valid_acc_std,valid_loss_0,valid_loss_1,valid_loss_2,valid_loss_min,valid_loss_max,valid_loss_mean,valid_loss_std
1,64,0.0001,2000,prelu,"[(27, None), (72, 3), (27, 3), (6, 3), (42, 3), (105, 3)]",temporal,0.3024247413236455,"[1936, 64]",LSC,dot_attention,2.8197893343715283,2.85698896921598,2.7869311715826135,2.7869311715826135,2.85698896921598,2.821236491723374,0.028619276145169195,0.08239700374531835,0.07116104868913857,0.07434944237918216,0.07116104868913857,0.08239700374531835,0.0759691649378797,0.004727881652600047,2.6515788960546143,2.65105211422238,2.6402460536105927,2.6402460536105927,2.6515788960546143,2.647625687962529,0.005222619212036641
2,,,,,,,,,,,2.7292099336343276,2.740371252940251,2.7021139260661395,2.7021139260661395,2.740371252940251,2.723898370880239,0.016063733253431828,0.08239700374531835,0.06367041198501873,0.07434944237918216,0.06367041198501873,0.08239700374531835,0.0734722860365064,0.007670217822911011,2.6397630364707347,2.6419430082656916,2.6406702046943864,2.6397630364707347,2.6419430082656916,2.640792083143604,0.0008941327358543929
3,,,,,,,,,,,2.6809457500354963,2.686312271998479,2.6813443635010765,2.6809457500354963,2.686312271998479,2.6828674618450172,0.002441278479100632,0.07116104868913857,0.0749063670411985,0.07806691449814127,0.07116104868913857,0.07806691449814127,0.07471144340949278,0.0028226750975668597,2.6394411856762034,2.641066396727544,2.6389725819839422,2.6389725819839422,2.641066396727544,2.6398267214625633,0.0008972154802699817
4,,,,,,,,,,,2.6640140629365425,2.6803603979257438,2.6729179067189066,2.6640140629365425,2.6803603979257438,2.672430789193731,0.0066822466036154885,0.0749063670411985,0.07116104868913857,0.06691449814126393,0.06691449814126393,0.0749063670411985,0.07099397129053367,0.0032648050754757975,2.6375420031029635,2.6407996358049943,2.6392066008982606,2.6375420031029635,2.6407996358049943,2.639182746602073,0.001330029943502561
5,,,,,,,,,,,2.658067865940788,2.66575304544889,2.6728584651542766,2.658067865940788,2.6728584651542766,2.6655597921813183,0.006039782909596637,0.0749063670411985,0.07116104868913857,0.07806691449814127,0.07116104868913857,0.07806691449814127,0.07471144340949278,0.0028226750975668597,2.6373867050985274,2.639547080136417,2.638447121616633,2.6373867050985274,2.639547080136417,2.638460302283859,0.0008820186595061305
6,,,,,,,,,,,2.6583880919235274,2.663310010616596,2.6736710815760443,2.6583880919235274,2.6736710815760443,2.665123061372056,0.006369605323259274,0.08239700374531835,0.07116104868913857,0.07806691449814127,0.07116104868913857,0.08239700374531835,0.07720832231086606,0.004627062200731725,2.638242216145948,2.6393755464518116,2.6410647564217946,2.638242216145948,2.6410647564217946,2.6395608396731847,0.001159722261465931
7,,,,,,,,,,,2.6591411977002433,2.6506504388955925,2.65072559805045,2.6506504388955925,2.6591411977002433,2.653505744882095,0.003984985033331901,0.0749063670411985,0.07116104868913857,0.07434944237918216,0.07116104868913857,0.0749063670411985,0.0734722860365064,0.0016500312778230308,2.6393795995676563,2.639629950684108,2.6404437407241876,2.6393795995676563,2.6404437407241876,2.6398177636586504,0.00045427919851918306
8,,,,,,,,,,,2.6587189053892515,2.657638898262611,2.643867667699825,2.643867667699825,2.6587189053892515,2.6534084904505626,0.006760773028736741,0.07116104868913857,0.07116104868913857,0.07806691449814127,0.07116104868913857,0.07806691449814127,0.07346300395880613,0.0032554563623400858,2.6387349639492537,2.639920562394103,2.6377962699166906,2.6377962699166906,2.639920562394103,2.6388172654200157,0.0008691891936223564
9,,,,,,,,,,,2.6612287320347217,2.6442237670604998,2.6600555491585265,2.6442237670604998,2.6612287320347217,2.655169349417916,0.00775450060169297,0.08239700374531835,0.0749063670411985,0.07806691449814127,0.0749063670411985,0.08239700374531835,0.07845676176155271,0.0030704391895263537,2.63893956995189,2.6398697569129173,2.639179347616146,2.63893956995189,2.6398697569129173,2.6393295581603176,0.00039432165491437837
10,,,,,,,,,,,2.6493875172645343,2.653778021152203,2.6526156657003943,2.6493875172645343,2.653778021152203,2.651927068039044,0.0018573738003467358,0.0749063670411985,0.0749063670411985,0.07434944237918216,0.07434944237918216,0.0749063670411985,0.07472072548719305,0.0002625368034145223,2.6418341831321572,2.640009596999665,2.640302935497468,2.640009596999665,2.6418341831321572,2.6407155718764304,0.0007999917602296506
11,,,,,,,,,,,2.6575810477868997,2.6484164714813234,2.639436940926348,2.639436940926348,2.6575810477868997,2.6484781533981905,0.007407429015789168,0.08239700374531835,0.07116104868913857,0.07063197026022305,0.07063197026022305,0.08239700374531835,0.07473000756489333,0.0054256860591679916,2.638000456134925,2.6400877188207503,2.6382165752822138,2.638000456134925,2.6400877188207503,2.638768250079296,0.0009371677869026123
12,,,,,,,,,,,2.647440831401924,2.6552254750178412,2.6587408640940526,2.647440831401924,2.6587408640940526,2.6538023901712724,0.004721691968718597,0.0749063670411985,0.07116104868913857,0.08178438661710037,0.07116104868913857,0.08178438661710037,0.07595060078247916,0.004399367019829077,2.6400133938378607,2.639617921707782,2.6383049948951127,2.6383049948951127,2.6400133938378607,2.639312103480252,0.0007302056003222135
13,,,,,,,,,,,2.651696561046009,2.6497009570782,2.647356889610805,2.647356889610805,2.651696561046009,2.649584802578338,0.0017735662645755035,0.08239700374531835,0.0749063670411985,0.06691449814126393,0.06691449814126393,0.08239700374531835,0.07473928964259359,0.006321810452063949,2.6378921435566878,2.6399234296677263,2.6399413794833047,2.6378921435566878,2.6399413794833047,2.6392523175692397,0.0009618161838541981
14,,,,,,,,,,,2.6417774396865155,2.6528730502495397,2.640703218291031,2.640703218291031,2.6528730502495397,2.645117902742362,0.005501225472273881,0.08239700374531835,0.07116104868913857,0.08178438661710037,0.07116104868913857,0.08239700374531835,0.07844747968385242,0.005158351313936886,2.638167464331295,2.639489534642366,2.6383014620458325,2.638167464331295,2.639489534642366,2.6386528203398316,0.0005941699896635895
15,,,,,,,,,,,2.644902505819561,2.6491694890535795,2.6461726048089176,2.644902505819561,2.6491694890535795,2.6467481998940197,0.0017889044610866916,0.0749063670411985,0.07116104868913857,0.08178438661710037,0.07116104868913857,0.08178438661710037,0.07595060078247916,0.004399367019829077,2.6390742175141524,2.6397553633214828,2.639243820786033,2.6390742175141524,2.6397553633214828,2.6393578005405565,0.00028952080068254417
16,,,,,,,,,,,2.6465370352160367,2.6491544870229866,2.6435812429196575,2.6435812429196575,2.6491544870229866,2.6464242550528936,0.0022766645167469944,0.07116104868913857,0.0749063670411985,0.07806691449814127,0.07116104868913857,0.07806691449814127,0.07471144340949278,0.0028226750975668597,2.6377304484335222,2.639409904622853,2.6455129486920663,2.6377304484335222,2.6455129486920663,2.6408844339161472,0.0033439004217775837
17,,,,,,,,,,,2.6416029133856354,2.650425074650691,2.651504174822328,2.6416029133856354,2.651504174822328,2.647844054286218,0.004435086928934004,0.08239700374531835,0.07116104868913857,0.08178438661710037,0.07116104868913857,0.08239700374531835,0.07844747968385242,0.005158351313936886,2.6378282027298146,2.6396806329377136,2.6408743184738444,2.6378282027298146,2.6408743184738444,2.6394610513804575,0.0012532271214008026
18,,,,,,,,,,,2.6342211288253887,2.6471682731921855,2.6524249836658926,2.6342211288253887,2.6524249836658926,2.644604795227822,0.007649559779005422,0.06741573033707865,0.07116104868913857,0.08178438661710037,0.06741573033707865,0.08178438661710037,0.07345372188110587,0.006085876195324496,2.637888535131676,2.6399631098415073,2.6419775858244487,2.637888535131676,2.6419775858244487,2.639943076932544,0.0016694080547901364
19,,,,,,,,,,,2.636051938898639,2.646240678200355,2.6414678850155573,2.636051938898639,2.646240678200355,2.6412535007048503,0.004162296851026028,0.08239700374531835,0.07116104868913857,0.08178438661710037,0.07116104868913857,0.08239700374531835,0.07844747968385242,0.005158351313936886,2.639157658659117,2.639223216624742,2.65429420630728,2.639157658659117,2.65429420630728,2.6442250271970464,0.007120035132272276
20,,,,,,,,,,,2.6377461417806733,2.6396130305070145,2.6402975782493634,2.6377461417806733,2.6402975782493634,2.639218916845684,0.0010782551327572455,0.07865168539325842,0.0749063670411985,0.08178438661710037,0.0749063670411985,0.08178438661710037,0.07844747968385242,0.00281164996641211,2.638150880399268,2.640467412462842,2.6486235436010537,2.638150880399268,2.6486235436010537,2.642413945487721,0.004491541067919996
21,,,,,,,,,,,2.6364476811553104,2.645727069561298,2.6378258841115847,2.6364476811553104,2.645727069561298,2.6400002116093977,0.004088401264398567,0.08239700374531835,0.06741573033707865,0.08178438661710037,0.06741573033707865,0.08239700374531835,0.07719904023316577,0.00692236420734053,2.6375273559870345,2.6393448520688976,2.6393593545296823,2.6375273559870345,2.6393593545296823,2.638743854195205,0.0008602145074353555
22,,,,,,,,,,,2.6404597782193755,2.6487690888918363,2.647492377973935,2.6404597782193755,2.6487690888918363,2.645573748361716,0.00365349290903299,0.07116104868913857,0.07116104868913857,0.06691449814126393,0.06691449814126393,0.07116104868913857,0.06974553183984702,0.002001843126035736,2.638387617546967,2.638637629341097,2.6425512980351216,2.638387617546967,2.6425512980351216,2.6398588483077283,0.0019065834408184684
23,,,,,,,,,,,2.636376076873618,2.639053839903611,2.6289659671930448,2.6289659671930448,2.639053839903611,2.6347986279900915,0.004266735886775931,0.07116104868913857,0.0749063670411985,0.08178438661710037,0.07116104868913857,0.08178438661710037,0.07595060078247916,0.004399367019829077,2.6381800817639642,2.639444200287151,2.654541257588837,2.6381800817639642,2.654541257588837,2.644055179879984,0.007432714542132517
24,,,,,,,,,,,2.638067077282418,2.646436779315655,2.6321463685963655,2.6321463685963655,2.646436779315655,2.6388834083981463,0.005862522608307577,0.0749063670411985,0.0749063670411985,0.08178438661710037,0.0749063670411985,0.08178438661710037,0.0771990402331658,0.0032423295221693546,2.637483701277315,2.6388857016402683,2.65711673484859,2.637483701277315,2.65711673484859,2.6444953792553907,0.00894298100977925
25,,,,,,,,,,,2.6359008384278697,2.6408320280221793,2.630485892525528,2.630485892525528,2.6408320280221793,2.635739586325192,0.004225330883235146,0.0749063670411985,0.07116104868913857,0.08178438661710037,0.07116104868913857,0.08178438661710037,0.07595060078247916,0.004399367019829077,2.642802994795953,2.638315429401755,2.676860052413657,2.638315429401755,2.676860052413657,2.6526594922037883,0.01721016940930393
26,,,,,,,,,,,2.634574449555706,2.639254298576942,2.6402519181054913,2.634574449555706,2.6402519181054913,2.6380268887460465,0.0024749832933017345,0.08239700374531835,0.06367041198501873,0.08178438661710037,0.06367041198501873,0.08239700374531835,0.07595060078247916,0.00868700572166654,2.6373067661171103,2.639925742417239,2.664729890327028,2.6373067661171103,2.664729890327028,2.6473207996204593,0.012356431217179055
27,,,,,,,,,,,2.6260548847242546,2.64036447084867,2.6341778905864857,2.6260548847242546,2.64036447084867,2.6335324153864703,0.005859666795896217,0.0749063670411985,0.08239700374531835,0.08178438661710037,0.0749063670411985,0.08239700374531835,0.07969591913453906,0.0033959467877224636,2.6389274034607277,2.639078461722042,2.661302243023557,2.6389274034607277,2.661302243023557,2.6464360360687755,0.010512176640016727
28,,,,,,,,,,,2.6324879138715227,2.6280967639042783,2.6308603057052817,2.6280967639042783,2.6324879138715227,2.630481661160361,0.0018125632452885476,0.0749063670411985,0.07116104868913857,0.08178438661710037,0.07116104868913857,0.08178438661710037,0.07595060078247916,0.004399367019829077,2.638136228818572,2.639641757315018,2.6613538185459973,2.638136228818572,2.6613538185459973,2.6463772682265287,0.010607841395781269
29,,,,,,,,,,,2.6290889958903927,2.6406085051023043,2.624882963581122,2.624882963581122,2.6406085051023043,2.631526821524606,0.006647325748034775,0.0749063670411985,0.0749063670411985,0.08178438661710037,0.0749063670411985,0.08178438661710037,0.0771990402331658,0.0032423295221693546,2.637805986940191,2.639643358380607,2.665745527770883,2.637805986940191,2.665745527770883,2.6477316243638938,0.012759820281382407
30,,,,,,,,,,,2.634067872490759,2.6326499498807467,2.6305900538817535,2.6305900538817535,2.634067872490759,2.6324359587510866,0.001427853802499041,0.0749063670411985,0.07116104868913857,0.08178438661710037,0.07116104868913857,0.08178438661710037,0.07595060078247916,0.004399367019829077,2.6495978216106972,2.6405178125431474,2.66620755461512,2.6405178125431474,2.66620755461512,2.652107729589655,0.010636899312558035
31,,,,,,,,,,,2.625183678224066,2.6388602550213154,2.630587492834396,2.625183678224066,2.6388602550213154,2.631543808693259,0.0056242388071156965,0.0749063670411985,0.056179775280898875,0.08178438661710037,0.056179775280898875,0.08178438661710037,0.07095684297973258,0.010819676078132168,2.639800973599323,2.6400929952828625,2.6424933968866626,2.639800973599323,2.6424933968866626,2.640795788589616,0.0012062958767967641
32,,,,,,,,,,,2.6092145491151193,2.628307925737821,2.644219277681413,2.6092145491151193,2.644219277681413,2.627247250844784,0.014310288348399655,0.0749063670411985,0.06367041198501873,0.07806691449814127,0.06367041198501873,0.07806691449814127,0.0722145645081195,0.006177872978644769,2.662060283096542,2.6398801651786776,2.6425934741931334,2.6398801651786776,2.662060283096542,2.6481779741561176,0.009878575726963264
33,,,,,,,,,,,2.6221346146103506,2.6331982942727894,2.63578299934005,2.6221346146103506,2.63578299934005,2.63037196940773,0.005919498042605388,0.0749063670411985,0.0599250936329588,0.08178438661710037,0.0599250936329588,0.08178438661710037,0.07220528243041922,0.009126118780641882,2.642549890703923,2.639883187826207,2.643237269943975,2.639883187826207,2.643237269943975,2.641890116158035,0.0014465922143055406
34,,,,,,,,,,,2.634874433824027,2.6318208034221944,2.627216770010417,2.627216770010417,2.634874433824027,2.6313040024188794,0.003147513963785608,0.06741573033707865,0.0749063670411985,0.08178438661710037,0.06741573033707865,0.08178438661710037,0.07470216133179251,0.005867756289086282,2.6364808913027304,2.6403682410493774,2.6585672318270657,2.6364808913027304,2.6585672318270657,2.645138788059725,0.009627052111027962
35,,,,,,,,,,,2.630030619398233,2.638510740720309,2.620114377008927,2.620114377008927,2.638510740720309,2.6295519123758226,0.007517908386439295,0.07116104868913857,0.0749063670411985,0.08178438661710037,0.07116104868913857,0.08178438661710037,0.07595060078247916,0.004399367019829077,2.6458627552575384,2.638381711552652,2.670705485078039,2.638381711552652,2.670705485078039,2.651649983962743,0.01381606783893021
36,,,,,,,,,,,2.620446159474774,2.6221434629880465,2.6143754548420106,2.6143754548420106,2.6221434629880465,2.6189883591016105,0.0033346038330629322,0.0749063670411985,0.0749063670411985,0.08178438661710037,0.0749063670411985,0.08178438661710037,0.0771990402331658,0.0032423295221693546,2.6409474053186424,2.6414799734894254,2.6710194610751694,2.6409474053186424,2.6710194610751694,2.6511489466277456,0.014052257600781631
37,,,,,,,,,,,2.6145386388372986,2.6375941056471603,2.6230692684305885,2.6145386388372986,2.6375941056471603,2.6250673376383493,0.0095178025431087,0.07865168539325842,0.0749063670411985,0.07806691449814127,0.0749063670411985,0.07865168539325842,0.07720832231086606,0.0016451418981568568,2.6357550737116666,2.6395769253205716,2.657621716921214,2.6357550737116666,2.657621716921214,2.6443179053178176,0.009535728946585643
38,,,,,,,,,,,2.616473847564536,2.6304560294518105,2.6260476525808345,2.616473847564536,2.6304560294518105,2.62432584319906,0.0058365985095533805,0.0749063670411985,0.07116104868913857,0.08178438661710037,0.07116104868913857,0.08178438661710037,0.07595060078247916,0.004399367019829077,2.656247789047184,2.6392318023724504,2.6565121319214207,2.6392318023724504,2.6565121319214207,2.6506639077803515,0.00808443957372495
39,,,,,,,,,,,2.621406289220889,2.6268456605764534,2.631286978951309,2.621406289220889,2.631286978951309,2.6265129762495505,0.004040628377965739,0.07865168539325842,0.06741573033707865,0.08178438661710037,0.06741573033707865,0.08178438661710037,0.07595060078247916,0.006169087689401807,2.6436938846602422,2.64135337768869,2.6501872796551447,2.64135337768869,2.6501872796551447,2.6450781806680257,0.0037369026894926486
40,,,,,,,,,,,2.6241587176703858,2.6179870018592246,2.6222635877385074,2.6179870018592246,2.6241587176703858,2.6214697690893725,0.0025813601129662683,0.0749063670411985,0.06367041198501873,0.08178438661710037,0.06367041198501873,0.08178438661710037,0.07345372188110587,0.007465996370825965,2.6423934648992415,2.64225199427944,2.6672134718487253,2.64225199427944,2.6672134718487253,2.6506196436758027,0.01173375056715843
41,,,,,,,,,,,2.6230501614589894,2.618045979279738,2.624837524858743,2.618045979279738,2.624837524858743,2.62197788853249,0.0028744390478378547,0.0749063670411985,0.06741573033707865,0.07434944237918216,0.06741573033707865,0.0749063670411985,0.07222384658581978,0.0034074455403666445,2.644237025400226,2.6389733780635876,2.647006196160299,2.6389733780635876,2.647006196160299,2.6434055332080377,0.0033316738628869323
42,,,,,,,,,,,2.616062811639472,2.630720200905433,2.6316745455784147,2.616062811639472,2.6316745455784147,2.6261525193744397,0.0071451309795093135,0.06741573033707865,0.06367041198501873,0.08178438661710037,0.06367041198501873,0.08178438661710037,0.07095684297973258,0.007807416487071633,2.651252599244707,2.638960644546966,2.6458561314082942,2.638960644546966,2.651252599244707,2.645356458399989,0.00503059257008235
43,,,,,,,,,,,2.616686450391004,2.6228809906886172,2.6264963136242994,2.616686450391004,2.6264963136242994,2.6220212515679737,0.004050738013470577,0.07116104868913857,0.07116104868913857,0.08178438661710037,0.07116104868913857,0.08178438661710037,0.07470216133179251,0.005007889525132024,2.6518507387754178,2.638692388820291,2.657293908214924,2.638692388820291,2.657293908214924,2.6492790119368776,0.007808732938032806
44,,,,,,,,,,,2.621196972165002,2.6260152670053336,2.6204198679253317,2.6204198679253317,2.6260152670053336,2.622544035698556,0.002474948866636,0.06367041198501873,0.0898876404494382,0.08178438661710037,0.06367041198501873,0.0898876404494382,0.07844747968385242,0.010960139232684964,2.644470049647356,2.635610480433546,2.650237355533586,2.635610480433546,2.650237355533586,2.643439295204829,0.006015713304263124
45,,,,,,,,,,,2.6165509382271788,2.632103578860943,2.619690141236851,2.6165509382271788,2.632103578860943,2.622781552774991,0.006715096258647999,0.07116104868913857,0.06741573033707865,0.08178438661710037,0.06741573033707865,0.08178438661710037,0.07345372188110587,0.006085876195324496,2.6539389390623973,2.6386354005292114,2.6566910061251274,2.6386354005292114,2.6566910061251274,2.649755115238912,0.007942690967100529
46,,,,,,,,,,,2.6175809539890382,2.614812440138597,2.61197780092787,2.61197780092787,2.6175809539890382,2.614790398351835,0.002287530755639223,0.09363295880149813,0.07865168539325842,0.08178438661710037,0.07865168539325842,0.09363295880149813,0.08468967693728564,0.006451882005354678,2.6561832356542237,2.6372998814457813,2.6760611259361182,2.6372998814457813,2.6760611259361182,2.6565147476787074,0.015825947971115906
47,,,,,,,,,,,2.604570642357497,2.6142822669102594,2.623349247640268,2.604570642357497,2.623349247640268,2.6140673856360084,0.007667839094253718,0.0749063670411985,0.0749063670411985,0.08178438661710037,0.0749063670411985,0.08178438661710037,0.0771990402331658,0.0032423295221693546,2.654799040783657,2.6376496111409047,2.651873553109435,2.6376496111409047,2.654799040783657,2.648107401677999,0.007490601076073435
48,,,,,,,,,,,2.6139250905382965,2.610517538510836,2.6144865941909465,2.610517538510836,2.6144865941909465,2.612976407746693,0.001753729364766703,0.0749063670411985,0.0749063670411985,0.08178438661710037,0.0749063670411985,0.08178438661710037,0.0771990402331658,0.0032423295221693546,2.6589442281687306,2.6432177207889627,2.6566731637295296,2.6432177207889627,2.6589442281687306,2.6529450375624073,0.006940458780703095
49,,,,,,,,,,,2.608469436900678,2.6265945801368127,2.617760407442302,2.608469436900678,2.6265945801368127,2.6176081414932644,0.007400342020115422,0.07865168539325842,0.056179775280898875,0.08178438661710037,0.056179775280898875,0.08178438661710037,0.07220528243041922,0.011403686941481136,2.652993913893396,2.6362555446696194,2.6497101925562747,2.6362555446696194,2.652993913893396,2.64631988370643,0.007241726158905719
50,,,,,,,,,,,2.6092179526034402,2.620065215917734,2.6096621836770706,2.6092179526034402,2.620065215917734,2.6129817840660814,0.005012024900805782,0.07865168539325842,0.08239700374531835,0.08178438661710037,0.07865168539325842,0.08239700374531835,0.08094435858522571,0.0016403429946854852,2.6643858589929588,2.634463380785024,2.6768172177240306,2.634463380785024,2.6768172177240306,2.6585554858340044,0.017775579019982755
51,,,,,,,,,,,2.595192208671019,2.617646598815918,2.6164368875683617,2.595192208671019,2.617646598815918,2.609758565018433,0.010311802404865919,0.0749063670411985,0.0749063670411985,0.08178438661710037,0.0749063670411985,0.08178438661710037,0.0771990402331658,0.0032423295221693546,2.6526768421858886,2.643984427612819,2.6473398554280787,2.643984427612819,2.6526768421858886,2.6480003750755956,0.003579267376721556
52,,,,,,,,,,,2.5949850068629305,2.6051316297971283,2.6100954127449523,2.5949850068629305,2.6100954127449523,2.603404016468337,0.006288591646265595,0.07116104868913857,0.06367041198501873,0.08178438661710037,0.06367041198501873,0.08178438661710037,0.07220528243041922,0.00743177131522699,2.6857045357593434,2.640408515930176,2.6487882793171256,2.640408515930176,2.6857045357593434,2.6583004436688817,0.019677284807313577
53,,,,,,,,,,,2.606321515890127,2.6201669949751634,2.6163411893826227,2.606321515890127,2.6201669949751634,2.614276566749304,0.0058378833342832455,0.07116104868913857,0.08239700374531835,0.08178438661710037,0.07116104868913857,0.08239700374531835,0.07844747968385242,0.005158351313936886,2.675833678870612,2.635370523295599,2.647719545435285,2.635370523295599,2.675833678870612,2.652974582533832,0.016931790630886435
54,,,,,,,,,,,2.6068860614839027,2.607771506676307,2.613459643600993,2.6068860614839027,2.613459643600993,2.609372403920401,0.0029126333391100772,0.0749063670411985,0.0749063670411985,0.08178438661710037,0.0749063670411985,0.08178438661710037,0.0771990402331658,0.0032423295221693546,2.6471099460616094,2.6401142234659374,2.6415812446282256,2.6401142234659374,2.6471099460616094,2.642935138051924,0.003012175759695936
55,,,,,,,,,,,2.6074084200689263,2.611950855988723,2.593559143860216,2.593559143860216,2.611950855988723,2.6043061399726217,0.007822270561305932,0.07116104868913857,0.0599250936329588,0.08178438661710037,0.0599250936329588,0.08178438661710037,0.07095684297973258,0.008925187109913559,2.6633648997388977,2.6421038425817027,2.659602790960149,2.6421038425817027,2.6633648997388977,2.6550238444269163,0.009264023653396299
56,,,,,,,,,,,2.612201073172003,2.6155171394348145,2.601239049595445,2.601239049595445,2.6155171394348145,2.6096524207340877,0.0061012394534358996,0.0749063670411985,0.06741573033707865,0.08178438661710037,0.06741573033707865,0.08178438661710037,0.07470216133179251,0.005867756289086282,2.646737563029657,2.6529245153348544,2.663003946325593,2.646737563029657,2.663003946325593,2.6542220082300347,0.006703801023417344
57,,,,,,,,,,,2.604285809716086,2.5976058299724873,2.5911504409216732,2.5911504409216732,2.604285809716086,2.597680693536749,0.005362753133497106,0.07865168539325842,0.0599250936329588,0.08178438661710037,0.0599250936329588,0.08178438661710037,0.07345372188110587,0.00965129666407187,2.6664408414104903,2.640158304114467,2.6608555565093086,2.640158304114467,2.6664408414104903,2.6558182340114223,0.011305571049708226
58,,,,,,,,,,,2.595447942542846,2.6234610154078557,2.6124505587855285,2.595447942542846,2.6234610154078557,2.61045317224541,0.011523171657666406,0.07865168539325842,0.0749063670411985,0.07434944237918216,0.07434944237918216,0.07865168539325842,0.0759691649378797,0.0019104062857473504,2.6531880196560635,2.6339945998531156,2.650570676229257,2.6339945998531156,2.6531880196560635,2.645917765246146,0.008498393040083914
59,,,,,,,,,,,2.5973030781952433,2.6132159563211292,2.6124505587855285,2.5973030781952433,2.6132159563211292,2.6076565311006337,0.0073276621394538465,0.08239700374531835,0.07116104868913857,0.07434944237918216,0.07116104868913857,0.08239700374531835,0.0759691649378797,0.004727881652600047,2.656644095195813,2.6367643817087236,2.650570676229257,2.6367643817087236,2.656644095195813,2.647993051044598,0.008318007204318151
60,,,,,,,,,,,2.6032378721742013,2.5992789378532994,2.6124505587855285,2.5992789378532994,2.6124505587855285,2.6049891229376763,0.005518034609231346,0.07865168539325842,0.07116104868913857,0.07434944237918216,0.07116104868913857,0.07865168539325842,0.07472072548719305,0.0030692885079985077,2.6570234521944425,2.63379778219073,2.650570676229257,2.63379778219073,2.6570234521944425,2.6471306368714766,0.009788882805429437
61,,,,,,,,,,,2.5885716753584243,2.6121992808121903,2.6124505587855285,2.5885716753584243,2.6124505587855285,2.604407171652048,0.011197856708733512,0.08614232209737828,0.06367041198501873,0.07434944237918216,0.06367041198501873,0.08614232209737828,0.07472072548719305,0.009177874640830978,2.6524678205282948,2.635266376345345,2.650570676229257,2.635266376345345,2.6524678205282948,2.6461016243676325,0.0077007245936643745
62,,,,,,,,,,,2.6056536914524377,2.6076658982496994,2.6124505587855285,2.6056536914524377,2.6124505587855285,2.6085900494958882,0.002850718392532378,0.07116104868913857,0.07116104868913857,0.07434944237918216,0.07116104868913857,0.07434944237918216,0.07222384658581976,0.0015030231995481476,2.6541033818034196,2.6329986415105813,2.650570676229257,2.6329986415105813,2.6541033818034196,2.645890899847753,0.009229580920161148
63,,,,,,,,,,,2.5994803324929787,2.5934074915372407,2.6124505587855285,2.5934074915372407,2.6124505587855285,2.6017794609385825,0.007942463776551167,0.0749063670411985,0.10861423220973783,0.07434944237918216,0.07434944237918216,0.10861423220973783,0.08595668054337284,0.01602292164172502,2.657588405109077,2.6266369185644143,2.650570676229257,2.6266369185644143,2.657588405109077,2.6449319999675827,0.013250022196687989
64,,,,,,,,,,,2.5870261752226815,2.594836293734037,2.6124505587855285,2.5870261752226815,2.6124505587855285,2.598104342580749,0.01063359228533368,0.07116104868913857,0.07116104868913857,0.07434944237918216,0.07116104868913857,0.07434944237918216,0.07222384658581976,0.0015030231995481476,2.6546530018138528,2.6382462067550487,2.650570676229257,2.6382462067550487,2.6546530018138528,2.6478232949327194,0.006974085795133421
65,,,,,,,,,,,2.59160298998248,2.5980407531444842,2.6124505587855285,2.59160298998248,2.6124505587855285,2.600698100637498,0.0087159395371709,0.07116104868913857,0.06741573033707865,0.07434944237918216,0.06741573033707865,0.07434944237918216,0.07097540713513313,0.002833718141786273,2.6605751996629694,2.6372273093305725,2.650570676229257,2.6372273093305725,2.6605751996629694,2.6494577284075995,0.009564168734873844
66,,,,,,,,,,,2.596351887424825,2.600846081513625,2.6124505587855285,2.596351887424825,2.6124505587855285,2.6032161759079933,0.006782566646614126,0.07116104868913857,0.07116104868913857,0.07434944237918216,0.07116104868913857,0.07434944237918216,0.07222384658581976,0.0015030231995481476,2.6516860049315607,2.6284043324574102,2.650570676229257,2.6284043324574102,2.6516860049315607,2.6435536712060763,0.010721872906040113
67,,,,,,,,,,,2.5831345637562872,2.598708702967717,2.6124505587855285,2.5831345637562872,2.6124505587855285,2.5980979418365107,0.011975994405703658,0.08239700374531835,0.09737827715355805,0.07434944237918216,0.07434944237918216,0.09737827715355805,0.0847082410926862,0.009542472472173272,2.6681527243124856,2.618494618698006,2.650570676229257,2.618494618698006,2.6681527243124856,2.645739339746583,0.020558667636162972
68,,,,,,,,,,,2.5954447653112327,2.601896278674786,2.6124505587855285,2.5954447653112327,2.6124505587855285,2.6032638675905155,0.007009611377930557,0.08239700374531835,0.08239700374531835,0.07434944237918216,0.07434944237918216,0.08239700374531835,0.07971448328993962,0.003793656809339849,2.6586783601996604,2.6224938823042736,2.650570676229257,2.6224938823042736,2.6586783601996604,2.643914306244397,0.015503968441917138
69,,,,,,,,,,,2.6022799003571704,2.606201868790847,2.6124505587855285,2.6022799003571704,2.6124505587855285,2.6069774426445154,0.004188214362426492,0.08239700374531835,0.0749063670411985,0.07434944237918216,0.07434944237918216,0.08239700374531835,0.07721760438856634,0.003669439061794309,2.633014375350895,2.634455096855592,2.650570676229257,2.633014375350895,2.650570676229257,2.639346716145248,0.0079583029844767
70,,,,,,,,,,,2.606453885013261,2.6049849656912,2.6124505587855285,2.6049849656912,2.6124505587855285,2.607963136496663,0.003229256890022351,0.07116104868913857,0.07116104868913857,0.07434944237918216,0.07116104868913857,0.07434944237918216,0.07222384658581976,0.0015030231995481476,2.642153705996967,2.624715550561969,2.650570676229257,2.624715550561969,2.650570676229257,2.639146644262731,0.010767348668480546
71,,,,,,,,,,,2.5891332403757574,2.604831629533034,2.6124505587855285,2.5891332403757574,2.6124505587855285,2.60213847623144,0.009707871049997761,0.09737827715355805,0.06741573033707865,0.07434944237918216,0.06741573033707865,0.09737827715355805,0.07971448328993963,0.01280693304198956,2.631619548976198,2.6251124344514998,2.650570676229257,2.6251124344514998,2.650570676229257,2.635767553218985,0.010799227534174888
72,,,,,,,,,,,2.6132916318785124,2.5815714909480167,2.6124505587855285,2.5815714909480167,2.6132916318785124,2.602437893870686,0.014758769803867271,0.06741573033707865,0.11610486891385768,0.07434944237918216,0.06741573033707865,0.11610486891385768,0.08595668054337284,0.021505100746681497,2.6425028008021667,2.610345120733597,2.650570676229257,2.610345120733597,2.650570676229257,2.634472865921674,0.017375916654425786
73,,,,,,,,,,,2.5778193797367597,2.577566282565777,2.6124505587855285,2.577566282565777,2.6124505587855285,2.5892787403626887,0.01638527573382665,0.08239700374531835,0.09737827715355805,0.07434944237918216,0.07434944237918216,0.09737827715355805,0.0847082410926862,0.009542472472173272,2.687371211105518,2.5998746054002853,2.650570676229257,2.5998746054002853,2.687371211105518,2.645938830911687,0.03587017791767669
74,,,,,,,,,,,2.6005753683745576,2.5825706518613374,2.6124505587855285,2.5825706518613374,2.6124505587855285,2.5985321930071414,0.012283678429419893,0.08614232209737828,0.10861423220973783,0.07434944237918216,0.07434944237918216,0.10861423220973783,0.08970199889543275,0.014213196443516693,2.6444920341620284,2.6010280369819325,2.650570676229257,2.6010280369819325,2.650570676229257,2.6320302491244063,0.022061887810438597
75,,,,,,,,,,,2.5789806925412897,2.583669244326078,2.6124505587855285,2.5789806925412897,2.6124505587855285,2.5917001652176324,0.014797066249240253,0.08614232209737828,0.10112359550561797,0.07434944237918216,0.07434944237918216,0.10112359550561797,0.08720511999405949,0.010956306355591154,2.6352342068032826,2.5973310863480585,2.650570676229257,2.5973310863480585,2.650570676229257,2.6277119897935326,0.022376346056135303
76,,,,,,,,,,,2.5832738348563438,2.5696874728569616,2.6124505587855285,2.5696874728569616,2.6124505587855285,2.588470622166278,0.01784050313737474,0.07865168539325842,0.09737827715355805,0.07434944237918216,0.07434944237918216,0.09737827715355805,0.08345980164199955,0.009997342785708357,2.650080689776703,2.6050257352407504,2.650570676229257,2.6050257352407504,2.650570676229257,2.6352257004155706,0.021355537050940895
77,,,,,,,,,,,2.583662177187761,2.561617080981915,2.6124505587855285,2.561617080981915,2.6124505587855285,2.5859099389850684,0.02081345624390931,0.10112359550561797,0.10112359550561797,0.07434944237918216,0.07434944237918216,0.10112359550561797,0.09219887779680604,0.012621456824153178,2.6395853931984203,2.5815412364202492,2.650570676229257,2.5815412364202492,2.650570676229257,2.623899101949309,0.030285427628375147
78,,,,,,,,,,,2.6089431043997537,2.564061498641968,2.6124505587855285,2.564061498641968,2.6124505587855285,2.5951517206090835,0.022030690495162354,0.07865168539325842,0.11235955056179775,0.07434944237918216,0.07434944237918216,0.11235955056179775,0.0884535594447461,0.016995090118510813,2.6546401557850925,2.5946271848142817,2.650570676229257,2.5946271848142817,2.6546401557850925,2.6332793389428772,0.027381647503992676
79,,,,,,,,,,,2.589553274709061,2.5578566697927623,2.6124505587855285,2.5578566697927623,2.6124505587855285,2.5866201677624505,0.022384153860991473,0.10861423220973783,0.11235955056179775,0.07434944237918216,0.07434944237918216,0.11235955056179775,0.09844107505023925,0.01710383828184828,2.6242964348096525,2.580214499534293,2.650570676229257,2.580214499534293,2.650570676229257,2.6183605368577343,0.029027849422637225
80,,,,,,,,,,,2.598360764280435,2.5444120260385366,2.6124505587855285,2.5444120260385366,2.6124505587855285,2.5850744497015,0.02932240441378898,0.0898876404494382,0.08614232209737828,0.07434944237918216,0.07434944237918216,0.0898876404494382,0.08345980164199955,0.006620968550132784,2.623441828324107,2.5924103956543996,2.650570676229257,2.5924103956543996,2.650570676229257,2.6221409667359215,0.023761646124097428
81,,,,,,,,,,,2.587439019824589,2.5706143709329456,2.6124505587855285,2.5706143709329456,2.6124505587855285,2.5901679831810207,0.017188214649573336,0.09737827715355805,0.09363295880149813,0.07434944237918216,0.07434944237918216,0.09737827715355805,0.08845355944474613,0.010089646212460194,2.628805547171318,2.606111124660192,2.650570676229257,2.606111124660192,2.650570676229257,2.6284957826869224,0.01815185751665542
82,,,,,,,,,,,2.5899432175886874,2.569510639630831,2.6124505587855285,2.569510639630831,2.6124505587855285,2.5906348053350157,0.0175369682758288,0.07116104868913857,0.0749063670411985,0.07434944237918216,0.07116104868913857,0.0749063670411985,0.0734722860365064,0.0016500312778230308,2.6376312895214067,2.607924250627725,2.650570676229257,2.607924250627725,2.650570676229257,2.6320420721261297,0.017853270801462057
83,,,,,,,,,,,2.5880833569344013,2.575323794438289,2.6124505587855285,2.575323794438289,2.6124505587855285,2.5919525700527397,0.015401888744354358,0.0898876404494382,0.12734082397003746,0.07434944237918216,0.07434944237918216,0.12734082397003746,0.0971926355995526,0.022241760217127687,2.6333168963814497,2.575123986947849,2.650570676229257,2.575123986947849,2.650570676229257,2.619670519852852,0.03227711702482676
84,,,,,,,,,,,2.5868114768827732,2.5688947934370776,2.6124505587855285,2.5688947934370776,2.6124505587855285,2.589385609701793,0.017874484488599837,0.08239700374531835,0.12359550561797752,0.07434944237918216,0.07434944237918216,0.12359550561797752,0.09344731724749268,0.021569666316413123,2.652518195605903,2.5831654116455534,2.650570676229257,2.5831654116455534,2.652518195605903,2.6287514278269044,0.03224398508658024
85,,,,,,,,,,,2.5722670759342403,2.5675250163445105,2.6124505587855285,2.5675250163445105,2.6124505587855285,2.584080883688093,0.02015358745796342,0.0749063670411985,0.11610486891385768,0.07434944237918216,0.07434944237918216,0.11610486891385768,0.08845355944474613,0.01955375032719171,2.639331213990401,2.594637159104651,2.650570676229257,2.594637159104651,2.650570676229257,2.628179683108103,0.024157911957869867
86,,,,,,,,,,,2.5718568826203625,2.574353731595553,2.6124505587855285,2.5718568826203625,2.6124505587855285,2.5862203910004813,0.01857551865987456,0.10112359550561797,0.10861423220973783,0.07434944237918216,0.07434944237918216,0.10861423220973783,0.09469575669817933,0.014708428181008978,2.6268533222684254,2.583446272303549,2.650570676229257,2.583446272303549,2.650570676229257,2.6202900902670776,0.027793625304171794
87,,,,,,,,,,,2.570403744098197,2.560712740971492,2.6124505587855285,2.560712740971492,2.6124505587855285,2.5811890146184058,0.022456506008803983,0.10112359550561797,0.09363295880149813,0.07434944237918216,0.07434944237918216,0.10112359550561797,0.08970199889543275,0.011278390938627677,2.6266419557149936,2.5931537124548067,2.650570676229257,2.5931537124548067,2.650570676229257,2.623455448133019,0.023548422526029525
88,,,,,,,,,,,2.577147744043844,2.5587698643024153,2.6124505587855285,2.5587698643024153,2.6124505587855285,2.5827893890439295,0.022275178394760016,0.07116104868913857,0.1198501872659176,0.07434944237918216,0.07116104868913857,0.1198501872659176,0.0884535594447461,0.022238894494204627,2.641166298576955,2.5562197036957475,2.650570676229257,2.5562197036957475,2.650570676229257,2.6159855595006536,0.04243488124822443
89,,,,,,,,,,,2.560826017721211,2.5557751508859488,2.6124505587855285,2.5557751508859488,2.6124505587855285,2.5763505757975627,0.025609690779669656,0.08239700374531835,0.12359550561797752,0.07434944237918216,0.07434944237918216,0.12359550561797752,0.09344731724749268,0.021569666316413123,2.637225482347753,2.5574766178702593,2.650570676229257,2.5574766178702593,2.650570676229257,2.615090925482423,0.04110214820951586
90,,,,,,,,,,,2.567398275516719,2.544699434133676,2.6124505587855285,2.544699434133676,2.6124505587855285,2.5748494228119747,0.028156626454050464,0.06741573033707865,0.09737827715355805,0.07434944237918216,0.06741573033707865,0.09737827715355805,0.07971448328993963,0.01280693304198956,2.6305256068483276,2.5678793455331066,2.650570676229257,2.5678793455331066,2.650570676229257,2.6163252095368974,0.03522028303811024
91,,,,,,,,,,,2.5803464280514907,2.534170961380005,2.6124505587855285,2.534170961380005,2.6124505587855285,2.575655982739008,0.03212915654474144,0.0599250936329588,0.10486891385767791,0.07434944237918216,0.0599250936329588,0.10486891385767791,0.07971448328993963,0.01873631931265305,2.6331313861889787,2.5674026333883906,2.650570676229257,2.5674026333883906,2.650570676229257,2.6170348986022085,0.03581018032132139
92,,,,,,,,,,,2.566226680652813,2.548939668215238,2.6124505587855285,2.548939668215238,2.6124505587855285,2.5758723025511934,0.02681028187857203,0.0749063670411985,0.12359550561797752,0.07434944237918216,0.07434944237918216,0.12359550561797752,0.09095043834611939,0.023084668132159314,2.6435162163852306,2.5683727880542198,2.650570676229257,2.5683727880542198,2.650570676229257,2.620819893556236,0.037197361085409
93,,,,,,,,,,,2.5678701898705167,2.5523168600522554,2.6124505587855285,2.5523168600522554,2.6124505587855285,2.5775458695694335,0.025485021928746476,0.08239700374531835,0.08614232209737828,0.07434944237918216,0.07434944237918216,0.08614232209737828,0.08096292274062626,0.004920057198717263,2.621734898635064,2.5700567500868092,2.650570676229257,2.5700567500868092,2.650570676229257,2.6141207749837103,0.03330769915951836
94,,,,,,,,,,,2.5821260481183637,2.5225983729729284,2.6124505587855285,2.5225983729729284,2.6124505587855285,2.5723916599589405,0.037322223571256155,0.08239700374531835,0.09737827715355805,0.07434944237918216,0.07434944237918216,0.09737827715355805,0.0847082410926862,0.009542472472173272,2.636272922437289,2.5535640395089483,2.650570676229257,2.5535640395089483,2.650570676229257,2.6134692127251653,0.04275962873570207
95,,,,,,,,,,,2.5795453677852067,2.5388844490051268,2.6124505587855285,2.5388844490051268,2.6124505587855285,2.5769601251919543,0.030088821141247835,0.07865168539325842,0.11235955056179775,0.07434944237918216,0.07434944237918216,0.11235955056179775,0.0884535594447461,0.016995090118510813,2.6470902492937523,2.5628867854786277,2.650570676229257,2.5628867854786277,2.650570676229257,2.620182570333879,0.04053914622146338
96,,,,,,,,,,,2.5617224977381303,2.53223525927617,2.6124505587855285,2.53223525927617,2.6124505587855285,2.568802771933276,0.03312824857884745,0.0898876404494382,0.11235955056179775,0.07434944237918216,0.07434944237918216,0.11235955056179775,0.09219887779680604,0.015603385200450064,2.621596550673581,2.565628720579969,2.650570676229257,2.565628720579969,2.650570676229257,2.6125986491609354,0.03525625836741487
97,,,,,,,,,,,2.5674770846747803,2.5555208829733043,2.6124505587855285,2.5555208829733043,2.6124505587855285,2.578482842144538,0.024509753434548948,0.06741573033707865,0.1198501872659176,0.07434944237918216,0.06741573033707865,0.1198501872659176,0.08720511999405949,0.023256460085444505,2.6192164724685725,2.556956885905748,2.650570676229257,2.556956885905748,2.650570676229257,2.608914678201193,0.0389057035966798
98,,,,,,,,,,,2.5418183606214773,2.5405589690575234,2.6124505587855285,2.5405589690575234,2.6124505587855285,2.564942629488176,0.033597113232830905,0.07116104868913857,0.11610486891385768,0.07434944237918216,0.07116104868913857,0.11610486891385768,0.08720511999405949,0.020476622105891244,2.6255824369437684,2.5337751224246365,2.650570676229257,2.5337751224246365,2.650570676229257,2.603309411865887,0.0502153102929239
99,,,,,,,,,,,2.5688075427256374,2.5285525248600886,2.6124505587855285,2.5285525248600886,2.6124505587855285,2.569936875457085,0.034260536758320075,0.0898876404494382,0.10486891385767791,0.07434944237918216,0.07434944237918216,0.10486891385767791,0.08970199889543275,0.012460213532723774,2.6214349064487643,2.536731790514028,2.650570676229257,2.536731790514028,2.650570676229257,2.6029124577306835,0.04828480647924151
100,,,,,,,,,,,2.5602670872406503,2.5584559513972356,2.6124505587855285,2.5584559513972356,2.6124505587855285,2.5770578658078045,0.025037333330081072,0.07116104868913857,0.12734082397003746,0.07434944237918216,0.07116104868913857,0.12734082397003746,0.09095043834611939,0.02576478977175083,2.612748661291287,2.562680008706082,2.650570676229257,2.562680008706082,2.650570676229257,2.6086664487422087,0.035997136033201496
101,,,,,,,,,,,2.575754212920085,2.556317116664006,2.6124505587855285,2.556317116664006,2.6124505587855285,2.5815072961232066,0.023274654395702747,0.0898876404494382,0.16104868913857678,0.07434944237918216,0.07434944237918216,0.16104868913857678,0.10842859065573239,0.03774488904099741,2.614346858713957,2.5482762395665888,2.650570676229257,2.5482762395665888,2.650570676229257,2.604397924836601,0.04234992252653417
102,,,,,,,,,,,2.564865800253581,2.5525975227355957,2.6124505587855285,2.5525975227355957,2.6124505587855285,2.5766379605915684,0.0258138761181669,0.09363295880149813,0.1348314606741573,0.07434944237918216,0.07434944237918216,0.1348314606741573,0.10093795395161254,0.02522618811031931,2.6309246561500466,2.5366128089276145,2.650570676229257,2.5366128089276145,2.650570676229257,2.606036047102306,0.049740533606795624
103,,,,,,,,,,,2.5491144026094497,2.5541959102337177,2.6124505587855285,2.5491144026094497,2.6124505587855285,2.5719202905428986,0.028734212045324652,0.06367041198501873,0.1198501872659176,0.07434944237918216,0.06367041198501873,0.1198501872659176,0.08595668054337284,0.024359635615819563,2.6127473790100897,2.53280685456951,2.650570676229257,2.53280685456951,2.650570676229257,2.598708303269619,0.049091079696907444
104,,,,,,,,,,,2.5645614062741586,2.545441957620474,2.6124505587855285,2.545441957620474,2.6124505587855285,2.574151307560054,0.028184071299574478,0.0898876404494382,0.12734082397003746,0.07434944237918216,0.07434944237918216,0.12734082397003746,0.0971926355995526,0.022241760217127687,2.6197736629386075,2.515643220715755,2.650570676229257,2.515643220715755,2.650570676229257,2.595329186627873,0.05773216249438189
105,,,,,,,,,,,2.5558084399798835,2.5530725662524882,2.6124505587855285,2.5530725662524882,2.6124505587855285,2.5737771883393,0.027369002387329495,0.07865168539325842,0.14232209737827714,0.07434944237918216,0.07434944237918216,0.14232209737827714,0.09844107505023925,0.031078239055147706,2.606583543484577,2.5460571439078685,2.650570676229257,2.5460571439078685,2.650570676229257,2.6010704545405674,0.04284518815341192
106,,,,,,,,,,,2.570469500584827,2.5323781123528115,2.6124505587855285,2.5323781123528115,2.6124505587855285,2.571766057241056,0.03270229312858849,0.10112359550561797,0.11610486891385768,0.07434944237918216,0.07434944237918216,0.11610486891385768,0.0971926355995526,0.017271715715015908,2.6018622644831626,2.533808984113543,2.650570676229257,2.533808984113543,2.650570676229257,2.595413974941988,0.04788533884838041
107,,,,,,,,,,,2.5503367542417377,2.536608883050772,2.6124505587855285,2.536608883050772,2.6124505587855285,2.5664653986926793,0.032995856542225234,0.06741573033707865,0.0898876404494382,0.07434944237918216,0.06741573033707865,0.0898876404494382,0.07721760438856634,0.009395617808622197,2.617743399259303,2.566416276081671,2.650570676229257,2.566416276081671,2.650570676229257,2.611576783856744,0.03463149939185728
108,,,,,,,,,,,2.5570202890328195,2.5108797036684476,2.6124505587855285,2.5108797036684476,2.6124505587855285,2.5601168504955987,0.0415238981148072,0.06741573033707865,0.10112359550561797,0.07434944237918216,0.06741573033707865,0.10112359550561797,0.08096292274062626,0.014534066543206041,2.6136556734306535,2.5499847756789418,2.650570676229257,2.5499847756789418,2.650570676229257,2.6047370417796176,0.04154545575049598
109,,,,,,,,,,,2.550339939504776,2.525376503284161,2.6124505587855285,2.525376503284161,2.6124505587855285,2.562722333858155,0.036610249501159736,0.08614232209737828,0.1198501872659176,0.07434944237918216,0.07434944237918216,0.1198501872659176,0.09344731724749268,0.019280416003799324,2.6069583705302035,2.545783354548479,2.650570676229257,2.545783354548479,2.650570676229257,2.6011041337693133,0.042979062827514285
110,,,,,,,,,,,2.5491828555895575,2.5462507724761965,2.6124505587855285,2.5462507724761965,2.6124505587855285,2.5692947289504278,0.03053924812884843,0.0599250936329588,0.1198501872659176,0.07434944237918216,0.0599250936329588,0.1198501872659176,0.0847082410926862,0.025537328819069147,2.609729296259219,2.551669859261102,2.650570676229257,2.551669859261102,2.650570676229257,2.603989943916526,0.040579535262882806
111,,,,,,,,,,,2.544477175931958,2.539050296636728,2.6124505587855285,2.539050296636728,2.6124505587855285,2.5653260104514053,0.03339565886451523,0.10112359550561797,0.16853932584269662,0.07434944237918216,0.07434944237918216,0.16853932584269662,0.11467078790916559,0.03962809065323623,2.591752104098431,2.5217628166470187,2.650570676229257,2.5217628166470187,2.650570676229257,2.5880285323249024,0.05265146349725317
112,,,,,,,,,,,2.554189437392586,2.536851948958177,2.6124505587855285,2.536851948958177,2.6124505587855285,2.5678306483787643,0.03233521743480416,0.09737827715355805,0.15355805243445692,0.07434944237918216,0.07434944237918216,0.15355805243445692,0.10842859065573239,0.03326743200283019,2.596306878529238,2.5351202345073,2.650570676229257,2.5351202345073,2.650570676229257,2.593999263088598,0.04716068235451486
113,,,,,,,,,,,2.559682505307459,2.499992587016179,2.6124505587855285,2.499992587016179,2.6124505587855285,2.557375217036389,0.04593975430200815,0.07865168539325842,0.10861423220973783,0.07434944237918216,0.07434944237918216,0.10861423220973783,0.08720511999405949,0.015240076293240206,2.6027518542071855,2.52262276210142,2.650570676229257,2.52262276210142,2.650570676229257,2.5919817641792875,0.05278676167261935
114,,,,,,,,,,,2.536724366168774,2.5436996900118314,2.6124505587855285,2.536724366168774,2.6124505587855285,2.564291538322045,0.03417242772256189,0.06741573033707865,0.11610486891385768,0.07434944237918216,0.06741573033707865,0.11610486891385768,0.08595668054337284,0.021505100746681497,2.595314786675271,2.535750181933914,2.650570676229257,2.535750181933914,2.650570676229257,2.5938785482794806,0.04688627064933397
115,,,,,,,,,,,2.5389411252088796,2.4984971853402946,2.6124505587855285,2.4984971853402946,2.6124505587855285,2.549962956444901,0.04716957637244393,0.0898876404494382,0.13108614232209737,0.07434944237918216,0.07434944237918216,0.13108614232209737,0.09844107505023925,0.023939287272956897,2.595804293057445,2.5214529010686983,2.650570676229257,2.5214529010686983,2.650570676229257,2.5892759567851336,0.0529138567010346
116,,,,,,,,,,,2.534328393229392,2.5283698045290435,2.6124505587855285,2.5283698045290435,2.6124505587855285,2.558382918847988,0.03830890637207506,0.10486891385767791,0.13108614232209737,0.07434944237918216,0.07434944237918216,0.13108614232209737,0.10343483285298581,0.02318484736991113,2.5840470058641185,2.521038615301754,2.650570676229257,2.521038615301754,2.650570676229257,2.5852187657983765,0.05288773309592848
117,,,,,,,,,,,2.5606354602376813,2.4774004202622635,2.6124505587855285,2.4774004202622635,2.6124505587855285,2.550162146428491,0.05562914527114718,0.09363295880149813,0.18352059925093633,0.07434944237918216,0.07434944237918216,0.18352059925093633,0.11716766681053888,0.04757448359490196,2.5867479686879933,2.424785273798396,2.650570676229257,2.424785273798396,2.650570676229257,2.554034639571882,0.09503467231879371
118,,,,,,,,,,,2.5651667104304354,2.4585943075326773,2.6124505587855285,2.4585943075326773,2.6124505587855285,2.5454038589162136,0.06434730886563944,0.09737827715355805,0.18352059925093633,0.07434944237918216,0.07434944237918216,0.18352059925093633,0.11841610626122552,0.046986012552332035,2.580858752968606,2.4139314224657493,2.650570676229257,2.4139314224657493,2.650570676229257,2.5484536172212042,0.0992878096664544
119,,,,,,,,,,,2.5412581602579363,2.403935432434082,2.6124505587855285,2.403935432434082,2.6124505587855285,2.519214717159182,0.08654122145766113,0.1198501872659176,0.1647940074906367,0.07434944237918216,0.07434944237918216,0.1647940074906367,0.11966454571191215,0.03692407242472914,2.5573250220509505,2.3773056817858405,2.650570676229257,2.3773056817858405,2.650570676229257,2.528400460022016,0.11341931644261305
120,,,,,,,,,,,2.5246890440253367,2.419197629048274,2.6124505587855285,2.419197629048274,2.6124505587855285,2.51877907728638,0.07900577824079172,0.13857677902621723,0.16853932584269662,0.07434944237918216,0.07434944237918216,0.16853932584269662,0.127155182416032,0.03929184129529484,2.528167662102631,2.414668661824773,2.650570676229257,2.414668661824773,2.650570676229257,2.531135666718887,0.09632945859073067
121,,,,,,,,,,,2.527067466236515,2.4017567781301645,2.6124505587855285,2.4017567781301645,2.6124505587855285,2.5137582677174026,0.08652867877425961,0.10112359550561797,0.21348314606741572,0.07434944237918216,0.07434944237918216,0.21348314606741572,0.12965206131740528,0.06027687172087391,2.554077085037803,2.3594915750767855,2.650570676229257,2.3594915750767855,2.650570676229257,2.521379778781282,0.12106085565878909
122,,,,,,,,,,,2.5103150749573695,2.3879653490506687,2.6124505587855285,2.3879653490506687,2.6124505587855285,2.503576994264522,0.09176947076231645,0.11610486891385768,0.19101123595505617,0.07434944237918216,0.07434944237918216,0.19101123595505617,0.127155182416032,0.04826368953611132,2.546081820677282,2.387278121955386,2.650570676229257,2.387278121955386,2.650570676229257,2.527976872953975,0.10824843072938779
123,,,,,,,,,,,2.5203505220954754,2.3632403960594766,2.6124505587855285,2.3632403960594766,2.6124505587855285,2.4986804923134933,0.1028870543996354,0.1348314606741573,0.18726591760299627,0.07434944237918216,0.07434944237918216,0.18726591760299627,0.13214894021877857,0.04613696660479317,2.536179530040155,2.3510034932625876,2.650570676229257,2.3510034932625876,2.650570676229257,2.5125845665106668,0.12343059049688596
124,,,,,,,,,,,2.5203585321795376,2.343811559677124,2.6124505587855285,2.343811559677124,2.6124505587855285,2.4922068835473965,0.11146334061332153,0.15355805243445692,0.15730337078651685,0.07434944237918216,0.07434944237918216,0.15730337078651685,0.12840362186671864,0.038252647772781055,2.521139128824298,2.386908324916711,2.650570676229257,2.386908324916711,2.650570676229257,2.5195393766567555,0.10764564793854357
125,,,,,,,,,,,2.516210399761696,2.3896747809190018,2.6124505587855285,2.3896747809190018,2.6124505587855285,2.5061119131554084,0.09122772376425942,0.14606741573033707,0.19850187265917604,0.07434944237918216,0.07434944237918216,0.19850187265917604,0.13963957692289844,0.05088840286946851,2.5257040909613564,2.38189486082127,2.650570676229257,2.38189486082127,2.650570676229257,2.5193898760039612,0.10977727581845831
126,,,,,,,,,,,2.480660000939686,2.383231801253099,2.6124505587855285,2.383231801253099,2.6124505587855285,2.492114120326104,0.09392801264573641,0.1647940074906367,0.1947565543071161,0.07434944237918216,0.07434944237918216,0.1947565543071161,0.144633334725645,0.051181426940244065,2.50513199295444,2.350933036554172,2.650570676229257,2.350933036554172,2.650570676229257,2.502211901912623,0.12234397949029722
127,,,,,,,,,,,2.5000627818763888,2.347637704702524,2.6124505587855285,2.347637704702524,2.6124505587855285,2.48671701512148,0.10852048666681621,0.12734082397003746,0.20224719101123595,0.07434944237918216,0.07434944237918216,0.20224719101123595,0.13464581912015186,0.05246891614339802,2.503229166238049,2.3133520383513377,2.650570676229257,2.3133520383513377,2.650570676229257,2.489050626939548,0.13803351203129183
128,,,,,,,,,,,2.489796695856089,2.3242230121905987,2.6124505587855285,2.3242230121905987,2.6124505587855285,2.4754900889440723,0.1181024665422201,0.13108614232209737,0.19101123595505617,0.07434944237918216,0.07434944237918216,0.19101123595505617,0.13214894021877857,0.04763290651508228,2.4907744868417803,2.3248389428028005,2.650570676229257,2.3248389428028005,2.650570676229257,2.4887280352912793,0.13298729641889978
129,,,,,,,,,,,2.4999733746797563,2.303868029667781,2.6124505587855285,2.303868029667781,2.6124505587855285,2.4720973210443553,0.1275110455186508,0.14232209737827714,0.18352059925093633,0.07434944237918216,0.07434944237918216,0.18352059925093633,0.13339737966946522,0.045013503994659025,2.4922263149018593,2.342093526647332,2.650570676229257,2.342093526647332,2.650570676229257,2.4949635059261497,0.12595014123208945
130,,,,,,,,,,,2.4897205701117566,2.306742759851309,2.6124505587855285,2.306742759851309,2.6124505587855285,2.4696379629161984,0.12560997284220612,0.1198501872659176,0.1797752808988764,0.07434944237918216,0.07434944237918216,0.1797752808988764,0.12465830351465873,0.04317399173338209,2.493971708562044,2.308753748511554,2.650570676229257,2.308753748511554,2.650570676229257,2.484432044434285,0.13970911903509908
131,,,,,,,,,,,2.487804887154793,2.33922063937554,2.6124505587855285,2.33922063937554,2.6124505587855285,2.479825361771954,0.11168826209349755,0.11610486891385768,0.18352059925093633,0.07434944237918216,0.07434944237918216,0.18352059925093633,0.12465830351465873,0.04497744846610669,2.495683102125532,2.2987033552891307,2.650570676229257,2.2987033552891307,2.650570676229257,2.4816523778813067,0.14399143216064073
132,,,,,,,,,,,2.503340661468359,2.3459121997539816,2.6124505587855285,2.3459121997539816,2.6124505587855285,2.487234473335956,0.10940819951272607,0.12734082397003746,0.19850187265917604,0.07434944237918216,0.07434944237918216,0.19850187265917604,0.13339737966946522,0.05086562615566881,2.48848608281282,2.3137055872084944,2.650570676229257,2.3137055872084944,2.650570676229257,2.484254115416857,0.13755714984754996
133,,,,,,,,,,,2.4791287790707837,2.3440750342149,2.6124505587855285,2.3440750342149,2.6124505587855285,2.478551457357071,0.10956460962193602,0.149812734082397,0.15730337078651685,0.07434944237918216,0.07434944237918216,0.15730337078651685,0.127155182416032,0.03746431230907445,2.4720965440800127,2.321066511704234,2.650570676229257,2.321066511704234,2.650570676229257,2.4812445773378347,0.13467495063843662
134,,,,,,,,,,,2.5011939795919056,2.283667250779959,2.6124505587855285,2.283667250779959,2.6124505587855285,2.465770596385798,0.13654236940499795,0.13108614232209737,0.20973782771535582,0.07434944237918216,0.07434944237918216,0.20973782771535582,0.1383911374722118,0.055512917034935556,2.4747868789715715,2.2756199586703985,2.650570676229257,2.2756199586703985,2.650570676229257,2.4669925046237426,0.153172178398649
135,,,,,,,,,,,2.478354892326847,2.3448287853827843,2.6124505587855285,2.3448287853827843,2.6124505587855285,2.4785447454983864,0.1092562139589857,0.13108614232209737,0.23220973782771537,0.07434944237918216,0.07434944237918216,0.23220973782771537,0.14588177417633164,0.06528987293217366,2.4890098098512,2.29446822605776,2.650570676229257,2.29446822605776,2.650570676229257,2.4780162373794057,0.1455859030064504
136,,,,,,,,,,,2.46359454702023,2.3483415860396164,2.6124505587855285,2.3483415860396164,2.6124505587855285,2.4747955639484585,0.10811254770344673,0.1348314606741573,0.22846441947565543,0.07434944237918216,0.07434944237918216,0.22846441947565543,0.14588177417633164,0.06340051846651241,2.47029325667392,2.3007220623644997,2.650570676229257,2.3007220623644997,2.650570676229257,2.4738619984225587,0.14284738964835722
137,,,,,,,,,,,2.4676302039244637,2.3442772205059343,2.6124505587855285,2.3442772205059343,2.6124505587855285,2.474785994405309,0.10959817165159803,0.12734082397003746,0.20599250936329588,0.07434944237918216,0.07434944237918216,0.20599250936329588,0.1358942585708385,0.054082315062927294,2.4726477821221513,2.315162022015575,2.650570676229257,2.315162022015575,2.650570676229257,2.479460160122328,0.1370147138105279
138,,,,,,,,,,,2.4511682220785747,2.3146775282346286,2.6124505587855285,2.3146775282346286,2.6124505587855285,2.4594321030329103,0.12170569208049217,0.10112359550561797,0.18726591760299627,0.07434944237918216,0.07434944237918216,0.18726591760299627,0.12091298516259881,0.048175011167543566,2.4813468277677613,2.2664407862259655,2.650570676229257,2.2664407862259655,2.650570676229257,2.4661194300743277,0.15718958474587458
139,,,,,,,,,,,2.4950283934452764,2.3120453394376312,2.6124505587855285,2.3120453394376312,2.6124505587855285,2.4731747638894785,0.12360962690782108,0.1348314606741573,0.21348314606741572,0.07434944237918216,0.07434944237918216,0.21348314606741572,0.14088801637358506,0.056962316641246825,2.4787467240394276,2.285446919751971,2.650570676229257,2.285446919751971,2.650570676229257,2.471588106673552,0.14914707224294732
140,,,,,,,,,,,2.4655063735165195,2.310964136857253,2.6124505587855285,2.310964136857253,2.6124505587855285,2.462973689719767,0.12309434462283877,0.14232209737827714,0.23220973782771537,0.07434944237918216,0.07434944237918216,0.23220973782771537,0.14962709252839157,0.0646528701883216,2.474036046181725,2.261908295449246,2.650570676229257,2.261908295449246,2.650570676229257,2.462171672620076,0.15889238303204753
141,,,,,,,,,,,2.440723791388621,2.33071011029757,2.6124505587855285,2.33071011029757,2.6124505587855285,2.46129482015724,0.11593617639890923,0.14232209737827714,0.19850187265917604,0.07434944237918216,0.07434944237918216,0.19850187265917604,0.1383911374722118,0.05076117821356859,2.460604075635417,2.2778557864914224,2.650570676229257,2.2778557864914224,2.650570676229257,2.4630101794520325,0.15216972817603774
142,,,,,,,,,,,2.447294002547645,2.268437521274273,2.6124505587855285,2.268437521274273,2.6124505587855285,2.442727360869149,0.14047985183314823,0.13108614232209737,0.17228464419475656,0.07434944237918216,0.07434944237918216,0.17228464419475656,0.12590674296534535,0.040149267921402707,2.467224122879657,2.2704007848818204,2.650570676229257,2.2704007848818204,2.650570676229257,2.4627318613302447,0.15523621115824685
143,,,,,,,,,,,2.4711063736556698,2.280141962491549,2.6124505587855285,2.280141962491549,2.6124505587855285,2.4545662983109158,0.13616762062993376,0.12734082397003746,0.15355805243445692,0.07434944237918216,0.07434944237918216,0.15355805243445692,0.11841610626122552,0.03294681488256115,2.452719345521391,2.2818731859828647,2.650570676229257,2.2818731859828647,2.650570676229257,2.461721069244504,0.15065464502405848
144,,,,,,,,,,,2.464061714802027,2.342883297113272,2.6124505587855285,2.342883297113272,2.6124505587855285,2.4731318569002756,0.1102371012851588,0.13857677902621723,0.14232209737827714,0.07434944237918216,0.07434944237918216,0.14232209737827714,0.11841610626122552,0.03119732896322277,2.4680069439420094,2.325006001897519,2.650570676229257,2.325006001897519,2.650570676229257,2.481194540689595,0.1332379421040052
145,,,,,,,,,,,2.4833633050652395,2.300308128503653,2.6124505587855285,2.300308128503653,2.6124505587855285,2.465373997451474,0.12806491996089564,0.14606741573033707,0.19850187265917604,0.07434944237918216,0.07434944237918216,0.19850187265917604,0.13963957692289844,0.05088840286946851,2.4629337823346313,2.275021947724989,2.650570676229257,2.275021947724989,2.650570676229257,2.4628421354296255,0.1533171400934667
146,,,,,,,,,,,2.4564169522543384,2.2924234500298133,2.6124505587855285,2.2924234500298133,2.6124505587855285,2.4537636536898937,0.13066399039671603,0.14232209737827714,0.1647940074906367,0.07434944237918216,0.07434944237918216,0.1647940074906367,0.127155182416032,0.03844980556217865,2.4535950114218035,2.2940949107823747,2.650570676229257,2.2940949107823747,2.650570676229257,2.466086866144478,0.1457984400089029
147,,,,,,,,,,,2.467518124933766,2.327044255916889,2.6124505587855285,2.327044255916889,2.6124505587855285,2.469004313212061,0.11652137427952954,0.12359550561797752,0.16853932584269662,0.07434944237918216,0.07434944237918216,0.16853932584269662,0.12216142461328544,0.03846622742063158,2.4594743546475186,2.289030037569196,2.650570676229257,2.289030037569196,2.650570676229257,2.4663583561486573,0.14767859347962828
148,,,,,,,,,,,2.4422407464641465,2.3001545906066894,2.6124505587855285,2.3001545906066894,2.6124505587855285,2.4516152986187882,0.12766650462896076,0.149812734082397,0.1947565543071161,0.07434944237918216,0.07434944237918216,0.1947565543071161,0.13963957692289844,0.049679559818570564,2.4615306550643865,2.2822393406642956,2.650570676229257,2.2822393406642956,2.650570676229257,2.4647802239859797,0.15038819316111934
149,,,,,,,,,,,2.4555170584229806,2.3183730418865496,2.6124505587855285,2.3183730418865496,2.6124505587855285,2.462113553031686,0.1201472202264353,0.1198501872659176,0.19101123595505617,0.07434944237918216,0.07434944237918216,0.19101123595505617,0.12840362186671864,0.04800947443083566,2.465174866972791,2.298677605189634,2.650570676229257,2.298677605189634,2.650570676229257,2.4714743827972274,0.1437287869244039
150,,,,,,,,,,,2.4715449527780864,2.3011332035064695,2.6124505587855285,2.3011332035064695,2.6124505587855285,2.461709571690028,0.12728491653333596,0.15730337078651685,0.16853932584269662,0.07434944237918216,0.07434944237918216,0.16853932584269662,0.13339737966946522,0.04200441123805945,2.4768739434217246,2.2767014137368076,2.650570676229257,2.2767014137368076,2.650570676229257,2.4680486777959296,0.1527590048500937
151,,,,,,,,,,,2.471310238980467,2.2956895168011004,2.6124505587855285,2.2956895168011004,2.6124505587855285,2.4598167715223656,0.1295722816948722,0.12359550561797752,0.1760299625468165,0.07434944237918216,0.07434944237918216,0.1760299625468165,0.12465830351465873,0.04151770064215234,2.4725802587659174,2.2649076190334134,2.650570676229257,2.2649076190334134,2.650570676229257,2.462686184676196,0.15760164539746158
152,,,,,,,,,,,2.466946979344637,2.2977956771850585,2.6124505587855285,2.2977956771850585,2.6124505587855285,2.4590644051050745,0.1285781859705943,0.149812734082397,0.1760299625468165,0.07434944237918216,0.07434944237918216,0.1760299625468165,0.13339737966946522,0.04310320901253017,2.4667104281736223,2.280726228313946,2.650570676229257,2.280726228313946,2.650570676229257,2.466002444238942,0.15098919353027476
153,,,,,,,,,,,2.4381817130656973,2.284050519649799,2.6124505587855285,2.284050519649799,2.6124505587855285,2.444894263833675,0.1341527492063846,0.13108614232209737,0.19101123595505617,0.07434944237918216,0.07434944237918216,0.19101123595505617,0.13214894021877857,0.04763290651508228,2.451192885302426,2.219681959473685,2.650570676229257,2.219681959473685,2.650570676229257,2.4404818403351225,0.17607255402254798
154,,,,,,,,,,,2.447192748999573,2.274109906416673,2.6124505587855285,2.274109906416673,2.6124505587855285,2.444584404733925,0.1381393061519223,0.13108614232209737,0.2209737827715356,0.07434944237918216,0.07434944237918216,0.2209737827715356,0.1421364558242717,0.060366968728742344,2.437752966577194,2.2267632154043246,2.650570676229257,2.2267632154043246,2.650570676229257,2.4383622860702587,0.17301920782657368
155,,,,,,,,,,,2.4098795043148593,2.288696499971243,2.6124505587855285,2.288696499971243,2.6124505587855285,2.43700885435721,0.13355691389808633,0.12734082397003746,0.20599250936329588,0.07434944237918216,0.07434944237918216,0.20599250936329588,0.1358942585708385,0.054082315062927294,2.449845338135623,2.2446406584107472,2.650570676229257,2.2446406584107472,2.650570676229257,2.4483522242585423,0.16572359896993424
156,,,,,,,,,,,2.4632372119543757,2.2929875777317927,2.6124505587855285,2.2929875777317927,2.6124505587855285,2.4562251161572326,0.13051443389279752,0.13857677902621723,0.1760299625468165,0.07434944237918216,0.07434944237918216,0.1760299625468165,0.12965206131740528,0.041987855268134054,2.467079123307703,2.2712529152073664,2.650570676229257,2.2712529152073664,2.650570676229257,2.4629675715814425,0.15488311635953814
157,,,,,,,,,,,2.4193625571752992,2.2544289148770846,2.6124505587855285,2.2544289148770846,2.6124505587855285,2.428747343612638,0.1463122916665627,0.1198501872659176,0.1760299625468165,0.07434944237918216,0.07434944237918216,0.1760299625468165,0.12340986406397209,0.041587141599057825,2.4348857000972446,2.262460187133332,2.650570676229257,2.262460187133332,2.650570676229257,2.4493055211532777,0.1587731849023119
158,,,,,,,,,,,2.4169070892774567,2.295846992272597,2.6124505587855285,2.295846992272597,2.6124505587855285,2.441734880111861,0.13043968971767436,0.149812734082397,0.19101123595505617,0.07434944237918216,0.07434944237918216,0.19101123595505617,0.1383911374722118,0.04830688820399085,2.445807744501235,2.2917868126644176,2.650570676229257,2.2917868126644176,2.650570676229257,2.46272174446497,0.14696037501020076
159,,,,,,,,,,,2.4006696903900644,2.2504638671875,2.6124505587855285,2.2504638671875,2.6124505587855285,2.4211947054543645,0.1484914103151287,0.14606741573033707,0.20224719101123595,0.07434944237918216,0.07434944237918216,0.20224719101123595,0.14088801637358506,0.05234232296182219,2.4479977647017006,2.225893294766601,2.650570676229257,2.225893294766601,2.650570676229257,2.4414872452325196,0.17343492483601936
160,,,,,,,,,,,2.44417603252253,2.2636286808894233,2.6124505587855285,2.2636286808894233,2.6124505587855285,2.440085090732494,0.14243531275234717,0.14232209737827714,0.10861423220973783,0.07434944237918216,0.07434944237918216,0.14232209737827714,0.10842859065573239,0.027750030678618816,2.4467126555210643,2.307702358295855,2.650570676229257,2.307702358295855,2.650570676229257,2.4683285633487255,0.14080744881818946
161,,,,,,,,,,,2.453946218224416,2.2571433800917404,2.6124505587855285,2.2571433800917404,2.6124505587855285,2.4411800523672285,0.1453341644873514,0.14232209737827714,0.149812734082397,0.07434944237918216,0.07434944237918216,0.149812734082397,0.12216142461328544,0.03394619903537491,2.450960500409987,2.2895548557967285,2.650570676229257,2.2895548557967285,2.650570676229257,2.4636953441453247,0.14765892643603937
162,,,,,,,,,,,2.418714200681626,2.276079242046063,2.6124505587855285,2.276079242046063,2.6124505587855285,2.4357480005044057,0.13785022895292884,0.1198501872659176,0.19101123595505617,0.07434944237918216,0.07434944237918216,0.19101123595505617,0.12840362186671864,0.04800947443083566,2.4353276468841325,2.2621083456032287,2.650570676229257,2.2621083456032287,2.650570676229257,2.449335556238873,0.15889810513285849
163,,,,,,,,,,,2.4132536990465856,2.2415444190685565,2.6124505587855285,2.2415444190685565,2.6124505587855285,2.422416225633557,0.15156034010701083,0.16104868913857678,0.16853932584269662,0.07434944237918216,0.07434944237918216,0.16853932584269662,0.13464581912015186,0.04274550421291882,2.427072841129946,2.2067581991131386,2.650570676229257,2.2067581991131386,2.650570676229257,2.4281339054907805,0.1811872385207628
164,,,,,,,,,,,2.439176558530365,2.2588930955299964,2.6124505587855285,2.2588930955299964,2.6124505587855285,2.43684007094863,0.14434868510332063,0.149812734082397,0.1797752808988764,0.07434944237918216,0.07434944237918216,0.1797752808988764,0.13464581912015186,0.044355971706179866,2.4339846555659834,2.2449451367953297,2.650570676229257,2.2449451367953297,2.650570676229257,2.4431668228635233,0.16572317019148963
165,,,,,,,,,,,2.423759145158432,2.2680381298065186,2.6124505587855285,2.2680381298065186,2.6124505587855285,2.434749277916826,0.1408203763010186,0.15355805243445692,0.19101123595505617,0.07434944237918216,0.07434944237918216,0.19101123595505617,0.1396395769228984,0.04863322931569423,2.4318055311838784,2.2265439265676203,2.650570676229257,2.2265439265676203,2.650570676229257,2.436306711326919,0.17313745324483892
166,,,,,,,,,,,2.398793906862628,2.2931781181922326,2.6124505587855285,2.2931781181922326,2.6124505587855285,2.4348075279467967,0.13280677319146902,0.14232209737827714,0.149812734082397,0.07434944237918216,0.07434944237918216,0.149812734082397,0.12216142461328544,0.03394619903537491,2.4367829440684803,2.2769552973772256,2.650570676229257,2.2769552973772256,2.650570676229257,2.454769639224988,0.1530571869828978
167,,,,,,,,,,,2.418201348779291,2.266806773039011,2.6124505587855285,2.266806773039011,2.6124505587855285,2.4324862268679435,0.14146954905043907,0.15355805243445692,0.16853932584269662,0.07434944237918216,0.07434944237918216,0.16853932584269662,0.13214894021877857,0.04132550545055067,2.4470898104964123,2.2283698315924028,2.650570676229257,2.2283698315924028,2.650570676229257,2.4420101061060238,0.17240019499319717
168,,,,,,,,,,,2.4229206970038613,2.2384495331690863,2.6124505587855285,2.2384495331690863,2.6124505587855285,2.424606929652825,0.1526899348919185,0.15730337078651685,0.18352059925093633,0.07434944237918216,0.07434944237918216,0.18352059925093633,0.1383911374722118,0.046531994726785014,2.423938788724749,2.231121474883976,2.650570676229257,2.231121474883976,2.650570676229257,2.4352103132793275,0.17142480096072618
169,,,,,,,,,,,2.43005146626903,2.2208613524070153,2.6124505587855285,2.2208613524070153,2.6124505587855285,2.4211211258205245,0.15999029110841506,0.14606741573033707,0.1947565543071161,0.07434944237918216,0.07434944237918216,0.1947565543071161,0.1383911374722118,0.0494547745361263,2.4501356614216436,2.2620914705683677,2.650570676229257,2.2620914705683677,2.650570676229257,2.454265936073089,0.1586228602361614
170,,,,,,,,,,,2.4266264456986693,2.2704576125511755,2.6124505587855285,2.2704576125511755,2.6124505587855285,2.436511539011791,0.13979289471898562,0.14232209737827714,0.18352059925093633,0.07434944237918216,0.07434944237918216,0.18352059925093633,0.13339737966946522,0.045013503994659025,2.435753287447526,2.2421186809682667,2.650570676229257,2.2421186809682667,2.650570676229257,2.442814214881683,0.16682455980329328
171,,,,,,,,,,,2.4272136410574596,2.2234730867239145,2.6124505587855285,2.2234730867239145,2.6124505587855285,2.4210457621889674,0.1588592678865232,0.15730337078651685,0.14606741573033707,0.07434944237918216,0.07434944237918216,0.15730337078651685,0.12590674296534535,0.03674396190128941,2.4365333733933694,2.2427287682165367,2.650570676229257,2.2427287682165367,2.650570676229257,2.443277605946388,0.16656904271684855
172,,,,,,,,,,,2.41716968267439,2.267458512232854,2.6124505587855285,2.267458512232854,2.6124505587855285,2.432359584564258,0.14125137848464475,0.18352059925093633,0.14606741573033707,0.07434944237918216,0.07434944237918216,0.18352059925093633,0.13464581912015186,0.04529477545312583,2.428055433744795,2.267526304230708,2.650570676229257,2.267526304230708,2.650570676229257,2.4487174714015865,0.1570582430820676
173,,,,,,,,,,,2.4262814627345417,2.2351248264312744,2.6124505587855285,2.2351248264312744,2.6124505587855285,2.424618949317115,0.15404707080914345,0.16853932584269662,0.15730337078651685,0.07434944237918216,0.07434944237918216,0.16853932584269662,0.13339737966946522,0.04200441123805945,2.4322388895441978,2.2480637232462564,2.650570676229257,2.2480637232462564,2.650570676229257,2.4436244296732372,0.16451987659639056
174,,,,,,,,,,,2.3766309801951637,2.2410920674984274,2.6124505587855285,2.2410920674984274,2.6124505587855285,2.410057868826373,0.1534379351734341,0.18352059925093633,0.14232209737827714,0.07434944237918216,0.07434944237918216,0.18352059925093633,0.13339737966946522,0.045013503994659025,2.4148424180705894,2.26228270102083,2.650570676229257,2.26228270102083,2.650570676229257,2.4425652651068925,0.15972540000203198
175,,,,,,,,,,,2.4119528730519124,2.2548987058492806,2.6124505587855285,2.2548987058492806,2.6124505587855285,2.426434045895574,0.14632864873230178,0.13857677902621723,0.17228464419475656,0.07434944237918216,0.07434944237918216,0.17228464419475656,0.12840362186671864,0.04062385000307262,2.4459841554977473,2.2507361365614758,2.650570676229257,2.2507361365614758,2.650570676229257,2.4490969894294934,0.16324660706867514
176,,,,,,,,,,,2.3961333817765618,2.2278888133855967,2.6124505587855285,2.2278888133855967,2.6124505587855285,2.412157584649229,0.15740503023418864,0.13108614232209737,0.20599250936329588,0.07434944237918216,0.07434944237918216,0.20599250936329588,0.13714269802152515,0.053913422394620596,2.4379913664042725,2.217380667447151,2.650570676229257,2.217380667447151,2.650570676229257,2.4353142366935603,0.17685921179434663
177,,,,,,,,,,,2.433898929911697,2.2285491649921125,2.6124505587855285,2.2285491649921125,2.6124505587855285,2.4249662178964457,0.15685431679766293,0.149812734082397,0.1647940074906367,0.07434944237918216,0.07434944237918216,0.1647940074906367,0.12965206131740528,0.039580250835510075,2.4181912740071616,2.215622821550691,2.650570676229257,2.215622821550691,2.650570676229257,2.42812825726237,0.17770568702123282
178,,,,,,,,,,,2.4133158709936353,2.209813044621394,2.6124505587855285,2.209813044621394,2.6124505587855285,2.4118598248001857,0.16437930122323077,0.18726591760299627,0.13857677902621723,0.07434944237918216,0.07434944237918216,0.18726591760299627,0.13339737966946522,0.04624321375448942,2.418511191557409,2.2390218361486656,2.650570676229257,2.2390218361486656,2.650570676229257,2.436034567978444,0.1684703999398016
179,,,,,,,,,,,2.426660763058557,2.221630518253033,2.6124505587855285,2.221630518253033,2.6124505587855285,2.4202472800323727,0.1596160509761903,0.149812734082397,0.17228464419475656,0.07434944237918216,0.07434944237918216,0.17228464419475656,0.13214894021877857,0.041887413773165995,2.426331802253866,2.2054452038882824,2.650570676229257,2.2054452038882824,2.650570676229257,2.427449227457135,0.18172343090716664
180,,,,,,,,,,,2.4125948092246765,2.241025627576388,2.6124505587855285,2.241025627576388,2.6124505587855285,2.4220236651955314,0.15178009833224307,0.13857677902621723,0.15730337078651685,0.07434944237918216,0.07434944237918216,0.15730337078651685,0.12340986406397209,0.03552337297851735,2.4215824648682096,2.2589902333105996,2.650570676229257,2.2589902333105996,2.650570676229257,2.443714458136022,0.16062623211169025
181,,,,,,,,,,,2.3903160161760932,2.1952492200411284,2.6124505587855285,2.1952492200411284,2.6124505587855285,2.39933859833425,0.1704411814559115,0.1760299625468165,0.149812734082397,0.07434944237918216,0.07434944237918216,0.1760299625468165,0.13339737966946522,0.04310320901253017,2.389044894707783,2.234144235818127,2.650570676229257,2.234144235818127,2.650570676229257,2.4245866022517224,0.1718529503184342
182,,,,,,,,,,,2.384185155385727,2.218331417670617,2.6124505587855285,2.218331417670617,2.6124505587855285,2.4049890439472907,0.16156954268002863,0.15355805243445692,0.1647940074906367,0.07434944237918216,0.07434944237918216,0.1647940074906367,0.13090050076809193,0.040249872258062584,2.4007082101557584,2.2015318933051176,2.650570676229257,2.2015318933051176,2.650570676229257,2.4176035932300444,0.1837081882033175
183,,,,,,,,,,,2.405875756719918,2.2800572652083178,2.6124505587855285,2.2800572652083178,2.6124505587855285,2.4327945269045883,0.13702746815868164,0.16853932584269662,0.14606741573033707,0.07434944237918216,0.07434944237918216,0.16853932584269662,0.12965206131740528,0.04016658173236576,2.4090731063585604,2.286952701847205,2.650570676229257,2.286952701847205,2.650570676229257,2.4488654948116744,0.15108956164590873
184,,,,,,,,,,,2.396781871132947,2.2857202805005588,2.6124505587855285,2.2857202805005588,2.6124505587855285,2.4316509034730114,0.13564673665884922,0.19850187265917604,0.149812734082397,0.07434944237918216,0.07434944237918216,0.19850187265917604,0.14088801637358508,0.0510763769645921,2.3967835617422613,2.3141815510581942,2.650570676229257,2.3141815510581942,2.650570676229257,2.4538452630099044,0.1431349926864067
185,,,,,,,,,,,2.368385036595173,2.2080518612494835,2.6124505587855285,2.2080518612494835,2.6124505587855285,2.3962958188767285,0.16627053350466459,0.15730337078651685,0.16104868913857678,0.07434944237918216,0.07434944237918216,0.16104868913857678,0.13090050076809193,0.04001685899775228,2.398061264766736,2.2410724359505187,2.650570676229257,2.2410724359505187,2.650570676229257,2.4299014589821706,0.16868619914623184
186,,,,,,,,,,,2.3809433476757382,2.1814581320835993,2.6124505587855285,2.1814581320835993,2.6124505587855285,2.391617346181622,0.17611372964021885,0.16853932584269662,0.149812734082397,0.07434944237918216,0.07434944237918216,0.16853932584269662,0.13090050076809193,0.04071189804318996,2.3888873116353926,2.235898018776254,2.650570676229257,2.235898018776254,2.650570676229257,2.4251186688803013,0.17121699028939866
187,,,,,,,,,,,2.3942953787593457,2.196613260415884,2.6124505587855285,2.196613260415884,2.6124505587855285,2.401119732653586,0.16983343513257634,0.14232209737827714,0.13857677902621723,0.07434944237918216,0.07434944237918216,0.14232209737827714,0.11841610626122552,0.03119732896322277,2.4215242835912814,2.221304911352722,2.650570676229257,2.221304911352722,2.650570676229257,2.4311332903910867,0.17537868358216208
188,,,,,,,,,,,2.415614623766432,2.227167534828186,2.6124505587855285,2.227167534828186,2.6124505587855285,2.418410905793382,0.15730356328303405,0.1647940074906367,0.17228464419475656,0.07434944237918216,0.07434944237918216,0.17228464419475656,0.13714269802152515,0.044506719531487646,2.403522191422709,2.2289675416124894,2.650570676229257,2.2289675416124894,2.650570676229257,2.427686803088152,0.17296482710342648
189,,,,,,,,,,,2.3844747763625467,2.200499046765841,2.6124505587855285,2.200499046765841,2.6124505587855285,2.3991414606379724,0.1684979639531843,0.1947565543071161,0.16104868913857678,0.07434944237918216,0.07434944237918216,0.1947565543071161,0.14338489527495835,0.05071801363716056,2.400743163926771,2.218935251235962,2.650570676229257,2.218935251235962,2.650570676229257,2.42341636379733,0.17694225144862638
190,,,,,,,,,,,2.3701684924704853,2.1700031170478233,2.6124505587855285,2.1700031170478233,2.6124505587855285,2.3842073894346125,0.18090099068465973,0.14606741573033707,0.15730337078651685,0.07434944237918216,0.07434944237918216,0.15730337078651685,0.12590674296534535,0.03674396190128941,2.388021796830138,2.139950810300277,2.650570676229257,2.139950810300277,2.650570676229257,2.392847761119891,0.20848761644891833
191,,,,,,,,,,,2.3995486907481687,2.1868849460895246,2.6124505587855285,2.1868849460895246,2.6124505587855285,2.399628065207741,0.17373644292924445,0.1760299625468165,0.1797752808988764,0.07434944237918216,0.07434944237918216,0.1797752808988764,0.14338489527495835,0.04883937734917914,2.4031809162111317,2.1784427139196505,2.650570676229257,2.1784427139196505,2.650570676229257,2.4107314354533464,0.19281936443949402
192,,,,,,,,,,,2.4095821460929483,2.1993832441476675,2.6124505587855285,2.1993832441476675,2.6124505587855285,2.4071386496753817,0.16864287634246594,0.17228464419475656,0.18352059925093633,0.07434944237918216,0.07434944237918216,0.18352059925093633,0.14338489527495835,0.049030480240355404,2.3939105562502974,2.2521717369779664,2.650570676229257,2.2521717369779664,2.650570676229257,2.43221765648584,0.1648858274594482
193,,,,,,,,,,,2.3699959600281555,2.2256392350563634,2.6124505587855285,2.2256392350563634,2.6124505587855285,2.402695251290016,0.15959883620721926,0.1760299625468165,0.17228464419475656,0.07434944237918216,0.07434944237918216,0.1760299625468165,0.14088801637358508,0.0470747152534921,2.3984082843480485,2.2142557347758434,2.650570676229257,2.2142557347758434,2.650570676229257,2.4210782317843833,0.1788446754802401
194,,,,,,,,,,,2.380212605286379,2.186355324891897,2.6124505587855285,2.186355324891897,2.6124505587855285,2.3930061629879353,0.17418772139220828,0.15355805243445692,0.16104868913857678,0.07434944237918216,0.07434944237918216,0.16104868913857678,0.12965206131740528,0.03922424552601799,2.3827486368600796,2.185676283604197,2.650570676229257,2.185676283604197,2.650570676229257,2.406331865564511,0.19052353412050357
195,,,,,,,,,,,2.375729048676624,2.179597359437209,2.6124505587855285,2.179597359437209,2.6124505587855285,2.389258988966454,0.17697036947787567,0.1348314606741573,0.18726591760299627,0.07434944237918216,0.07434944237918216,0.18726591760299627,0.13214894021877857,0.04613696660479317,2.413322463910678,2.1607982308677074,2.650570676229257,2.1607982308677074,2.650570676229257,2.4082304570025475,0.1999811798805451
196,,,,,,,,,,,2.3854089120584,2.170901713004479,2.6124505587855285,2.170901713004479,2.6124505587855285,2.389587061282803,0.18028577037738397,0.13108614232209737,0.18726591760299627,0.07434944237918216,0.07434944237918216,0.18726591760299627,0.13090050076809193,0.04609814487469452,2.4040117085203248,2.1734937496399613,2.650570676229257,2.1734937496399613,2.650570676229257,2.409358711463181,0.19480253472225878
197,,,,,,,,,,,2.337783959419023,2.1536895733613233,2.6124505587855285,2.1536895733613233,2.6124505587855285,2.367974697188625,0.18850114221077743,0.15730337078651685,0.16853932584269662,0.07434944237918216,0.07434944237918216,0.16853932584269662,0.13339737966946522,0.04200441123805945,2.4084922472635903,2.1403767857212253,2.650570676229257,2.1403767857212253,2.650570676229257,2.399813236404691,0.208376174901782
198,,,,,,,,,,,2.374980258758075,2.197478070625892,2.6124505587855285,2.197478070625892,2.6124505587855285,2.394969629389832,0.17000043663873377,0.18726591760299627,0.18726591760299627,0.07434944237918216,0.07434944237918216,0.18726591760299627,0.14962709252839157,0.0532293368922945,2.401008058576548,2.149603544549549,2.650570676229257,2.149603544549549,2.650570676229257,2.4003940931184515,0.20451943586700397
199,,,,,,,,,,,2.35438402096048,2.158339837881235,2.6124505587855285,2.158339837881235,2.6124505587855285,2.3750581392090813,0.18596541091301927,0.15355805243445692,0.16853932584269662,0.07434944237918216,0.07434944237918216,0.16853932584269662,0.13214894021877857,0.04132550545055067,2.3631909965129383,2.157440654347452,2.650570676229257,2.157440654347452,2.650570676229257,2.390400775696549,0.20223679797488728
200,,,,,,,,,,,2.349579509573561,2.159158081274766,2.6124505587855285,2.159158081274766,2.6124505587855285,2.3737293832112853,0.18584210114951485,0.18352059925093633,0.17228464419475656,0.07434944237918216,0.07434944237918216,0.18352059925093633,0.14338489527495835,0.049030480240355404,2.369130535518632,2.159935644949867,2.650570676229257,2.159935644949867,2.650570676229257,2.393212285565919,0.20102343394678654
201,,,,,,,,,,,2.3967011759668964,2.1793859335092396,2.6124505587855285,2.1793859335092396,2.6124505587855285,2.3961792227538883,0.17679827816429763,0.18726591760299627,0.18352059925093633,0.07434944237918216,0.07434944237918216,0.18726591760299627,0.14837865307770493,0.05236888312649206,2.3874739555830367,2.182785950349958,2.650570676229257,2.182785950349958,2.650570676229257,2.4069435273874173,0.19146790089756083
202,,,,,,,,,,,2.3947747164442634,2.1761143335929285,2.6124505587855285,2.1761143335929285,2.6124505587855285,2.39444653627424,0.17813366915605788,0.20973782771535582,0.19850187265917604,0.07434944237918216,0.07434944237918216,0.20973782771535582,0.16086304758457134,0.061346092435903256,2.3540648083561817,2.149437665046378,2.650570676229257,2.149437665046378,2.650570676229257,2.384691049877272,0.2057296749403386
203,,,,,,,,,,,2.345757165932678,2.1832230677971474,2.6124505587855285,2.1832230677971474,2.6124505587855285,2.3804769308384515,0.17694284634947205,0.20224719101123595,0.18726591760299627,0.07434944237918216,0.07434944237918216,0.20224719101123595,0.15462085033113812,0.0570890172693786,2.3651653755916637,2.1537458003683483,2.650570676229257,2.1537458003683483,2.650570676229257,2.38982728406309,0.20357618822059653
204,,,,,,,,,,,2.366926430967476,2.1993220292604887,2.6124505587855285,2.1993220292604887,2.6124505587855285,2.392899673004498,0.16965602937181593,0.1797752808988764,0.14232209737827714,0.07434944237918216,0.07434944237918216,0.1797752808988764,0.13214894021877857,0.04363692398141016,2.3748537949408486,2.2305052780479975,2.650570676229257,2.2305052780479975,2.650570676229257,2.4186432497393677,0.1742639223533445
205,,,,,,,,,,,2.3787349018486106,2.166273052875812,2.6124505587855285,2.166273052875812,2.6124505587855285,2.385819504503317,0.18222007827722142,0.20599250936329588,0.19101123595505617,0.07434944237918216,0.07434944237918216,0.20599250936329588,0.1571177292325114,0.05884472006736234,2.3598124820194886,2.1563040156489452,2.650570676229257,2.1563040156489452,2.650570676229257,2.3888957246325635,0.20282876060192837
206,,,,,,,,,,,2.339147976892745,2.128503964497493,2.6124505587855285,2.128503964497493,2.6124505587855285,2.360034166725255,0.19812159772058655,0.14606741573033707,0.19850187265917604,0.07434944237918216,0.07434944237918216,0.19850187265917604,0.13963957692289844,0.05088840286946851,2.3925927935468123,2.1201792986651933,2.650570676229257,2.1201792986651933,2.650570676229257,2.387780922813754,0.21655810447935997
207,,,,,,,,,,,2.357958505197255,2.1351089807657093,2.6124505587855285,2.1351089807657093,2.6124505587855285,2.3685060149161643,0.19501655143015534,0.1647940074906367,0.1647940074906367,0.07434944237918216,0.07434944237918216,0.1647940074906367,0.13464581912015186,0.042635976874518484,2.3632305847125106,2.183375918463375,2.650570676229257,2.183375918463375,2.650570676229257,2.3990590598017145,0.19240667892321825
208,,,,,,,,,,,2.3527507602996387,2.1554491226489727,2.6124505587855285,2.1554491226489727,2.6124505587855285,2.3735501472447136,0.187148851685295,0.1647940074906367,0.18352059925093633,0.07434944237918216,0.07434944237918216,0.18352059925093633,0.14088801637358506,0.04766695348383898,2.3783951314647545,2.1224682607900784,2.650570676229257,2.1224682607900784,2.650570676229257,2.383811356161363,0.2156309222037304
209,,,,,,,,,,,2.3115065657713876,2.1752419985257663,2.6124505587855285,2.1752419985257663,2.6124505587855285,2.3663997076942276,0.18266138811787655,0.23595505617977527,0.16853932584269662,0.07434944237918216,0.07434944237918216,0.23595505617977527,0.1596146081338847,0.06627634843392777,2.3495340543739807,2.174002591143833,2.650570676229257,2.174002591143833,2.650570676229257,2.3913691072490235,0.19679416262902752
210,,,,,,,,,,,2.346562183626118,2.150722910807683,2.6124505587855285,2.150722910807683,2.6124505587855285,2.3699118844064433,0.18922123140508715,0.1760299625468165,0.20973782771535582,0.07434944237918216,0.07434944237918216,0.20973782771535582,0.1533724108804515,0.0575472397636328,2.3695268202363775,2.1145192719577404,2.650570676229257,2.1145192719577404,2.650570676229257,2.3782055894744585,0.21892809745360411
211,,,,,,,,,,,2.320509661379861,2.1830501629756047,2.6124505587855285,2.1830501629756047,2.6124505587855285,2.3720034610469978,0.1790435394600044,0.1947565543071161,0.1647940074906367,0.07434944237918216,0.07434944237918216,0.1947565543071161,0.144633334725645,0.051181426940244065,2.364361085248797,2.1844704579771235,2.650570676229257,2.1844704579771235,2.650570676229257,2.3998007398183927,0.19192764296418385
212,,,,,,,,,,,2.345758456008955,2.1415269008049598,2.6124505587855285,2.1415269008049598,2.6124505587855285,2.366578638533148,0.1928166364048245,0.13857677902621723,0.18352059925093633,0.07434944237918216,0.07434944237918216,0.18352059925093633,0.13214894021877857,0.04480009826611322,2.3664079560769187,2.1448210544800492,2.650570676229257,2.1448210544800492,2.650570676229257,2.387266562262075,0.2069975540336283
213,,,,,,,,,,,2.3451988575433287,2.127705005499033,2.6124505587855285,2.127705005499033,2.6124505587855285,2.3617848072759635,0.1982437609849009,0.18352059925093633,0.21722846441947566,0.07434944237918216,0.07434944237918216,0.21722846441947566,0.15836616868319806,0.06098176103113696,2.3465842102350813,2.1337661752093595,2.650570676229257,2.1337661752093595,2.650570676229257,2.376973687224566,0.2120760292951204
214,,,,,,,,,,,2.35348806826396,2.173550510406494,2.6124505587855285,2.173550510406494,2.6124505587855285,2.379829712485327,0.18014572764291603,0.18352059925093633,0.16104868913857678,0.07434944237918216,0.07434944237918216,0.18352059925093633,0.13963957692289844,0.04706979171101087,2.3538215124651733,2.166846720913376,2.650570676229257,2.166846720913376,2.650570676229257,2.390412969869269,0.19916729534544053
215,,,,,,,,,,,2.288193796550688,2.125263549731328,2.6124505587855285,2.125263549731328,2.6124505587855285,2.3419693016891814,0.20249551297492907,0.20973782771535582,0.1947565543071161,0.07434944237918216,0.07434944237918216,0.20973782771535582,0.1596146081338847,0.060600995627771555,2.344416930880886,2.1512108688497364,2.650570676229257,2.1512108688497364,2.650570676229257,2.382066158653293,0.20559369732625876
216,,,,,,,,,,,2.3230218552303956,2.138876511500432,2.6124505587855285,2.138876511500432,2.6124505587855285,2.3581163085054517,0.19492188188007184,0.19101123595505617,0.20224719101123595,0.07434944237918216,0.07434944237918216,0.20224719101123595,0.15586928978182477,0.057825460435801834,2.3395337361967967,2.1379856402507884,2.650570676229257,2.1379856402507884,2.650570676229257,2.3760300175589477,0.2108472412153895
217,,,,,,,,,,,2.343466642616573,2.1300490085895243,2.6124505587855285,2.1300490085895243,2.6124505587855285,2.3619887366638754,0.19737462667695294,0.19850187265917604,0.19850187265917604,0.07434944237918216,0.07434944237918216,0.19850187265917604,0.1571177292325114,0.05852601690118249,2.348426166991616,2.1384435753697315,2.650570676229257,2.1384435753697315,2.650570676229257,2.3791468061968684,0.21020047591696858
218,,,,,,,,,,,2.312636486260907,2.1466176748275756,2.6124505587855285,2.1466176748275756,2.6124505587855285,2.3572349066246705,0.19277246219027774,0.1647940074906367,0.19850187265917604,0.07434944237918216,0.07434944237918216,0.19850187265917604,0.14588177417633164,0.052419531428709656,2.3419387010152866,2.1246004265345886,2.650570676229257,2.1246004265345886,2.650570676229257,2.3723699345930442,0.21580194758739013
219,,,,,,,,,,,2.340596776150877,2.1119636462284967,2.6124505587855285,2.1119636462284967,2.6124505587855285,2.355003660388301,0.20457672748920777,0.17228464419475656,0.1760299625468165,0.07434944237918216,0.07434944237918216,0.1760299625468165,0.14088801637358508,0.0470747152534921,2.3551662236117243,2.142540298597643,2.650570676229257,2.142540298597643,2.650570676229257,2.382759066146208,0.20831824991021108
220,,,,,,,,,,,2.3147199160784226,2.097953668007484,2.6124505587855285,2.097953668007484,2.6124505587855285,2.3417080476238117,0.2109076134050202,0.19850187265917604,0.20599250936329588,0.07434944237918216,0.07434944237918216,0.20599250936329588,0.1596146081338847,0.06036908026432599,2.343105042025391,2.1264500162574684,2.650570676229257,2.1264500162574684,2.650570676229257,2.3733752448373724,0.21503926840777196
221,,,,,,,,,,,2.325872329935876,2.1505390644073485,2.6124505587855285,2.1505390644073485,2.6124505587855285,2.362953984376251,0.19038880215968126,0.18726591760299627,0.2247191011235955,0.07434944237918216,0.07434944237918216,0.2247191011235955,0.162111487035258,0.06391305344303413,2.3429721312576466,2.1187646683682217,2.650570676229257,2.1187646683682217,2.650570676229257,2.370769158618375,0.21799680968130813
222,,,,,,,,,,,2.3147688600395138,2.1694513082504274,2.6124505587855285,2.1694513082504274,2.6124505587855285,2.3655569090251567,0.18438483927823593,0.16104868913857678,0.1947565543071161,0.07434944237918216,0.07434944237918216,0.1947565543071161,0.14338489527495835,0.05071801363716056,2.3418325377760754,2.141833423228746,2.650570676229257,2.141833423228746,2.650570676229257,2.3780788790780263,0.20926657017778333
223,,,,,,,,,,,2.301024907133233,2.143340536264273,2.6124505587855285,2.143340536264273,2.6124505587855285,2.352272000727678,0.19491152139519033,0.1647940074906367,0.20973782771535582,0.07434944237918216,0.07434944237918216,0.20973782771535582,0.14962709252839157,0.05630293185431846,2.3477109112543113,2.1102138949690685,2.650570676229257,2.1102138949690685,2.650570676229257,2.369498494150879,0.22113704173328647
224,,,,,,,,,,,2.2874509542463373,2.135041222205529,2.6124505587855285,2.135041222205529,2.6124505587855285,2.3449809117457985,0.19910163346200213,0.1760299625468165,0.1760299625468165,0.07434944237918216,0.07434944237918216,0.1760299625468165,0.14213645582427173,0.04793265688340649,2.3168178069011103,2.128187683191192,2.650570676229257,2.128187683191192,2.650570676229257,2.36519205544052,0.21598772927362672
225,,,,,,,,,,,2.2800826459578074,2.185271321810209,2.6124505587855285,2.185271321810209,2.6124505587855285,2.359268175517848,0.18316347196695112,0.1760299625468165,0.21348314606741572,0.07434944237918216,0.07434944237918216,0.21348314606741572,0.15462085033113812,0.058783838141102045,2.3800608602802407,2.122582320416911,2.650570676229257,2.122582320416911,2.650570676229257,2.38440461897547,0.2155722263311578
226,,,,,,,,,,,2.2820981097290214,2.1400775212507983,2.6124505587855285,2.1400775212507983,2.6124505587855285,2.3448753965884492,0.19788854178808177,0.2247191011235955,0.1947565543071161,0.07434944237918216,0.07434944237918216,0.2247191011235955,0.16460836593663128,0.06498432382374747,2.3289760909276955,2.1342180828923145,2.650570676229257,2.1342180828923145,2.650570676229257,2.371254950016423,0.2129094120447001
227,,,,,,,,,,,2.2883876395753306,2.1407185481144833,2.6124505587855285,2.1407185481144833,2.6124505587855285,2.3471855821584473,0.19702059285252796,0.14606741573033707,0.18352059925093633,0.07434944237918216,0.07434944237918216,0.18352059925093633,0.13464581912015186,0.04529477545312583,2.359553451395213,2.15841647212425,2.650570676229257,2.15841647212425,2.650570676229257,2.3895135332495734,0.20203488978078063
228,,,,,,,,,,,2.261697074791006,2.1296033712533804,2.6124505587855285,2.1296033712533804,2.6124505587855285,2.3345836682766383,0.20374770879592108,0.17228464419475656,0.1947565543071161,0.07434944237918216,0.07434944237918216,0.1947565543071161,0.14713021362701828,0.052275087652385484,2.3111495498414345,2.160137013103185,2.650570676229257,2.160137013103185,2.650570676229257,2.373952413057959,0.2050844447261656
229,,,,,,,,,,,2.280434328965893,2.1418963762430043,2.6124505587855285,2.1418963762430043,2.6124505587855285,2.344927087998142,0.19744163129519163,0.20224719101123595,0.1797752808988764,0.07434944237918216,0.07434944237918216,0.20224719101123595,0.15212397142976483,0.055754848595163685,2.3267612743020503,2.1293494022740855,2.650570676229257,2.1293494022740855,2.650570676229257,2.3688937842684648,0.2148631586272458
230,,,,,,,,,,,2.2945890775429043,2.134351605635423,2.6124505587855285,2.134351605635423,2.6124505587855285,2.347130413987952,0.19868752062368436,0.1947565543071161,0.20973782771535582,0.07434944237918216,0.07434944237918216,0.20973782771535582,0.1596146081338847,0.060600995627771555,2.3410157175099804,2.1232781213767518,2.650570676229257,2.1232781213767518,2.650570676229257,2.371621505038663,0.2163514043917268
231,,,,,,,,,,,2.2482833977039327,2.1566315650939942,2.6124505587855285,2.1566315650939942,2.6124505587855285,2.3391218405278185,0.19686112833414995,0.17228464419475656,0.20599250936329588,0.07434944237918216,0.07434944237918216,0.20599250936329588,0.15087553197907821,0.055834498509097365,2.3352227282434814,2.1241680254203996,2.650570676229257,2.1241680254203996,2.650570676229257,2.369987143297713,0.21630435518838595
232,,,,,,,,,,,2.2703724834526584,2.132776581324064,2.6124505587855285,2.132776581324064,2.6124505587855285,2.3385332078540837,0.20167001830816053,0.20973782771535582,0.17228464419475656,0.07434944237918216,0.07434944237918216,0.20973782771535582,0.15212397142976486,0.05708089736351891,2.3088671455669045,2.1388447990131736,2.650570676229257,2.1388447990131736,2.650570676229257,2.3660942069364452,0.2127941818877064
233,,,,,,,,,,,2.2227731035579503,2.1450915373288666,2.6124505587855285,2.1450915373288666,2.6124505587855285,2.326771733224115,0.2044796647812233,0.18726591760299627,0.18726591760299627,0.07434944237918216,0.07434944237918216,0.18726591760299627,0.14962709252839157,0.0532293368922945,2.307187845644433,2.1472416316971796,2.650570676229257,2.1472416316971796,2.650570676229257,2.3683333845236234,0.20998272065579338
234,,,,,,,,,,,2.2309925046761068,2.1182123569341806,2.6124505587855285,2.1182123569341806,2.6124505587855285,2.3205518067986053,0.21147655739240562,0.1947565543071161,0.1947565543071161,0.07434944237918216,0.07434944237918216,0.1947565543071161,0.15462085033113812,0.05676045689821982,2.3315766741720476,2.115983705842093,2.650570676229257,2.115983705842093,2.650570676229257,2.366043685414466,0.21960083238294031
235,,,,,,,,,,,2.2726910132645872,2.1268929884983945,2.6124505587855285,2.1268929884983945,2.6124505587855285,2.33734485351617,0.20343160654176326,0.2247191011235955,0.19850187265917604,0.07434944237918216,0.07434944237918216,0.2247191011235955,0.16585680538731792,0.06558472322431974,2.2934367540623812,2.1265655822968217,2.650570676229257,2.1265655822968217,2.650570676229257,2.3568576708628197,0.21857415847966605
236,,,,,,,,,,,2.2784978570102843,2.091115482036884,2.6124505587855285,2.091115482036884,2.6124505587855285,2.327354632610899,0.21561973310080773,0.2696629213483146,0.20973782771535582,0.07434944237918216,0.07434944237918216,0.2696629213483146,0.1845833971476175,0.08169617616366473,2.271478255589803,2.099262294697851,2.650570676229257,2.099262294697851,2.650570676229257,2.340437075505637,0.23029216518708423
237,,,,,,,,,,,2.2186534161517204,2.1456007040463962,2.6124505587855285,2.1456007040463962,2.6124505587855285,2.325568226327882,0.2050370359938917,0.1947565543071161,0.23595505617977527,0.07434944237918216,0.07434944237918216,0.23595505617977527,0.16835368428869116,0.06856591603157745,2.3144760819410117,2.0793241686588817,2.650570676229257,2.0793241686588817,2.650570676229257,2.348123642276384,0.23442093456036106
238,,,,,,,,,,,2.2316741404106573,2.1742153021005484,2.6124505587855285,2.1742153021005484,2.6124505587855285,2.3394466670989114,0.19446288965938194,0.24344569288389514,0.20973782771535582,0.07434944237918216,0.07434944237918216,0.24344569288389514,0.17584432099281103,0.07307513408427224,2.2862476865004067,2.114691821823406,2.650570676229257,2.114691821823406,2.650570676229257,2.350503394851023,0.22343997507393568
239,,,,,,,,,,,2.259085273146056,2.1131838615124043,2.6124505587855285,2.1131838615124043,2.6124505587855285,2.328239897814663,0.2096084927291756,0.16104868913857678,0.22846441947565543,0.07434944237918216,0.07434944237918216,0.22846441947565543,0.15462085033113812,0.06308113492512339,2.311758176217811,2.0729545037844654,2.650570676229257,2.0729545037844654,2.650570676229257,2.3450944520771784,0.2369860630692189
240,,,,,,,,,,,2.222072004468769,2.1168534975785476,2.6124505587855285,2.1168534975785476,2.6124505587855285,2.317125353610949,0.2131986024916795,0.22846441947565543,0.2209737827715356,0.07434944237918216,0.07434944237918216,0.22846441947565543,0.17459588154212438,0.0709508695422186,2.2795317681987632,2.0831902714704307,2.650570676229257,2.0831902714704307,2.650570676229257,2.337764238632817,0.23526353504911912
241,,,,,,,,,,,2.279199636016934,2.11712772662823,2.6124505587855285,2.11712772662823,2.6124505587855285,2.336259307143564,0.20620060065527002,0.21348314606741572,0.1947565543071161,0.07434944237918216,0.07434944237918216,0.21348314606741572,0.16086304758457134,0.06165021883694432,2.3192136260900607,2.1200855724820484,2.650570676229257,2.1200855724820484,2.650570676229257,2.363289958267122,0.2188007520067191
242,,,,,,,,,,,2.256645727662425,2.119944506425124,2.6124505587855285,2.119944506425124,2.6124505587855285,2.329680264291026,0.2075910813086201,0.1797752808988764,0.1947565543071161,0.07434944237918216,0.07434944237918216,0.1947565543071161,0.14962709252839157,0.053579555163160146,2.3013293707415405,2.0864104822780307,2.650570676229257,2.0864104822780307,2.650570676229257,2.3461035097496095,0.2324832951026901
243,,,,,,,,,,,2.2340292437244083,2.063618537095877,2.6124505587855285,2.063618537095877,2.6124505587855285,2.3033661132019376,0.22936121164325857,0.20224719101123595,0.21722846441947566,0.07434944237918216,0.07434944237918216,0.21722846441947566,0.16460836593663128,0.06411507674769996,2.320016879713937,2.056075647082668,2.650570676229257,2.056075647082668,2.650570676229257,2.3422210676752875,0.24320890114230073
244,,,,,,,,,,,2.2167964963756925,2.142607549520639,2.6124505587855285,2.142607549520639,2.6124505587855285,2.3239515348939537,0.20623573089817906,0.20224719101123595,0.2247191011235955,0.07434944237918216,0.07434944237918216,0.2247191011235955,0.1671052448380045,0.06622676122414337,2.298340089312207,2.091601863782504,2.650570676229257,2.091601863782504,2.650570676229257,2.3468375431079895,0.23076038884600464
245,,,,,,,,,,,2.2347801950140798,2.1006986122864943,2.6124505587855285,2.1006986122864943,2.6124505587855285,2.315976455362034,0.21666739211251448,0.2247191011235955,0.2247191011235955,0.07434944237918216,0.07434944237918216,0.2247191011235955,0.17459588154212438,0.07088493692192115,2.287414677580644,2.0603454505906122,2.650570676229257,2.0603454505906122,2.650570676229257,2.332776934800171,0.24308401158184692
246,,,,,,,,,,,2.2176345971137774,2.1104067747409525,2.6124505587855285,2.1104067747409525,2.6124505587855285,2.3134973102134193,0.21587687091884486,0.1647940074906367,0.21722846441947566,0.07434944237918216,0.07434944237918216,0.21722846441947566,0.15212397142976483,0.05901412878927392,2.364910269497932,2.0730601116066123,2.650570676229257,2.0730601116066123,2.650570676229257,2.362847019111267,0.2357722146681836
247,,,,,,,,,,,2.214805740479441,2.124918244435237,2.6124505587855285,2.124918244435237,2.6124505587855285,2.317391514566735,0.2118408524777581,0.21722846441947566,0.23595505617977527,0.07434944237918216,0.07434944237918216,0.23595505617977527,0.17584432099281103,0.07217376761832364,2.3021044472183627,2.080642126026225,2.650570676229257,2.080642126026225,2.650570676229257,2.344439083157948,0.23459014491126923
248,,,,,,,,,,,2.2297974348756644,2.0773611582242526,2.6124505587855285,2.0773611582242526,2.6124505587855285,2.306536383961815,0.22508785896236386,0.23595505617977527,0.2247191011235955,0.07434944237918216,0.07434944237918216,0.23595505617977527,0.17834119989418432,0.073676210067205,2.269812649108944,2.076216296756759,2.650570676229257,2.076216296756759,2.650570676229257,2.3321998740316534,0.23859290668413596
249,,,,,,,,,,,2.1674490986935098,2.0689864305349497,2.6124505587855285,2.0689864305349497,2.6124505587855285,2.282962029337996,0.23642580588611556,0.24719101123595505,0.21722846441947566,0.07434944237918216,0.07434944237918216,0.24719101123595505,0.17958963934487096,0.07541468842767594,2.2584926206967357,2.0700307758559897,2.650570676229257,2.0700307758559897,2.650570676229257,2.3263646909273277,0.24181481539860292
250,,,,,,,,,,,2.199025400104835,2.060161174260653,2.6124505587855285,2.060161174260653,2.6124505587855285,2.290545711050339,0.23457460298930877,0.23595505617977527,0.20599250936329588,0.07434944237918216,0.07434944237918216,0.23595505617977527,0.1720990026407511,0.07019340401789902,2.28779037704182,2.089885501825854,2.650570676229257,2.089885501825854,2.650570676229257,2.342748851698977,0.23217420421086787
251,,,,,,,,,,,2.226917651436212,2.1175650743337777,2.6124505587855285,2.1175650743337777,2.6124505587855285,2.318977761518506,0.21226431413300745,0.2247191011235955,0.24344569288389514,0.07434944237918216,0.07434944237918216,0.24344569288389514,0.1808380787955576,0.07568594574117214,2.273008038488667,2.089695835827888,2.650570676229257,2.089695835827888,2.650570676229257,2.337758183515271,0.23350886151570346
252,,,,,,,,,,,2.202730354377005,2.1160856100229117,2.6124505587855285,2.1160856100229117,2.6124505587855285,2.3104221743951485,0.21647584417072793,0.22846441947565543,0.20973782771535582,0.07434944237918216,0.07434944237918216,0.22846441947565543,0.17085056319006445,0.06866353252421845,2.27190064580253,2.1074223482653442,2.650570676229257,2.1074223482653442,2.650570676229257,2.3432978900990435,0.2274140151241792
253,,,,,,,,,,,2.171970484460972,2.122661513548631,2.6124505587855285,2.122661513548631,2.6124505587855285,2.302360852265044,0.22018865126761747,0.2247191011235955,0.2397003745318352,0.07434944237918216,0.07434944237918216,0.2397003745318352,0.17958963934487096,0.07466696695445199,2.2620118959119706,2.0686696343654103,2.650570676229257,2.0686696343654103,2.650570676229257,2.3270840688355463,0.24197520037847456
254,,,,,,,,,,,2.2155200758154745,2.091099341099079,2.6124505587855285,2.091099341099079,2.6124505587855285,2.306356658566694,0.22232144389033529,0.20599250936329588,0.21348314606741572,0.07434944237918216,0.07434944237918216,0.21348314606741572,0.16460836593663128,0.06389591729717091,2.268489227759258,2.1121188826328807,2.650570676229257,2.1121188826328807,2.650570676229257,2.343726262207132,0.22616814102369595
255,,,,,,,,,,,2.195917171968418,2.109932176883404,2.6124505587855285,2.109932176883404,2.6124505587855285,2.3060999692124504,0.21944835025395226,0.20599250936329588,0.18726591760299627,0.07434944237918216,0.07434944237918216,0.20599250936329588,0.15586928978182477,0.0581480034059745,2.3065872103087464,2.1295449331905063,2.650570676229257,2.1295449331905063,2.650570676229257,2.3622342732428367,0.21631674759815148
256,,,,,,,,,,,2.1999172368109283,2.0810072550406824,2.6124505587855285,2.0810072550406824,2.6124505587855285,2.297791683545713,0.22773164289947256,0.1947565543071161,0.21722846441947566,0.07434944237918216,0.07434944237918216,0.21722846441947566,0.162111487035258,0.0627315925069433,2.3273609497127463,2.0810487868634056,2.650570676229257,2.0810487868634056,2.650570676229257,2.3529934709351363,0.2332117281568754
257,,,,,,,,,,,2.2038407314271167,2.069840702643761,2.6124505587855285,2.069840702643761,2.6124505587855285,2.2953773309521353,0.230782113381143,0.21722846441947566,0.1947565543071161,0.07434944237918216,0.07434944237918216,0.21722846441947566,0.162111487035258,0.0627315925069433,2.2496583586774963,2.099127954311585,2.650570676229257,2.099127954311585,2.650570676229257,2.3331189964061125,0.23273236048666615
258,,,,,,,,,,,2.1802712767254975,2.09831454203679,2.6124505587855285,2.09831454203679,2.6124505587855285,2.2970121258492724,0.2255442016104895,0.2247191011235955,0.22846441947565543,0.07434944237918216,0.07434944237918216,0.22846441947565543,0.17584432099281103,0.07178400305075411,2.2795378268881237,2.0891568517863526,2.650570676229257,2.0891568517863526,2.650570676229257,2.3397551183012446,0.23311794183453097
259,,,,,,,,,,,2.185685153645432,2.1221738155071552,2.6124505587855285,2.1221738155071552,2.6124505587855285,2.306769842646039,0.2176984882548831,0.19850187265917604,0.2397003745318352,0.07434944237918216,0.07434944237918216,0.2397003745318352,0.17085056319006445,0.0702788677458369,2.2848596421073886,2.0796264655581127,2.650570676229257,2.0796264655581127,2.650570676229257,2.338352261298253,0.23613614456586712
260,,,,,,,,,,,2.2022944286078414,2.0795815009337204,2.6124505587855285,2.0795815009337204,2.6124505587855285,2.2981088294423633,0.22784886476116462,0.22846441947565543,0.19850187265917604,0.07434944237918216,0.07434944237918216,0.22846441947565543,0.16710524483800457,0.06671915127491501,2.2478082028221102,2.0755650461389776,2.650570676229257,2.0755650461389776,2.650570676229257,2.324647975063449,0.24095107609561928
261,,,,,,,,,,,2.173485849084937,2.0960137532307552,2.6124505587855285,2.0960137532307552,2.6124505587855285,2.2939833870337405,0.22740050721388336,0.21722846441947566,0.21348314606741572,0.07434944237918216,0.07434944237918216,0.21722846441947566,0.16835368428869116,0.06648862045556211,2.2329864680543823,2.057932495624385,2.650570676229257,2.057932495624385,2.650570676229257,2.3138298799693415,0.2486051034810053
262,,,,,,,,,,,2.206693208940449,2.0661775974126964,2.6124505587855285,2.0661775974126964,2.6124505587855285,2.2951071217128916,0.23161217881127738,0.18352059925093633,0.22846441947565543,0.07434944237918216,0.07434944237918216,0.22846441947565543,0.162111487035258,0.06471279680639809,2.313704243313507,2.111742214317179,2.650570676229257,2.111742214317179,2.650570676229257,2.3586723779533147,0.22226204907926708
263,,,,,,,,,,,2.194230833113251,2.110673765035776,2.6124505587855285,2.110673765035776,2.6124505587855285,2.3057850523115184,0.21951195191780448,0.22846441947565543,0.2247191011235955,0.07434944237918216,0.07434944237918216,0.22846441947565543,0.17584432099281103,0.07178400305075411,2.2303182069728438,2.0632944276716825,2.650570676229257,2.0632944276716825,2.650570676229257,2.3147277702912614,0.24707229551242554
264,,,,,,,,,,,2.175523146169477,2.072310788814838,2.6124505587855285,2.072310788814838,2.6124505587855285,2.2867614979232815,0.23411994212607468,0.2209737827715356,0.23220973782771537,0.07434944237918216,0.07434944237918216,0.23220973782771537,0.17584432099281103,0.07191415929241644,2.232416514600261,2.0689446926116943,2.650570676229257,2.0689446926116943,2.650570676229257,2.3173106278137374,0.24491829120273464
265,,,,,,,,,,,2.155911534192817,2.061452814248892,2.6124505587855285,2.061452814248892,2.6124505587855285,2.276604969075746,0.24058928701419077,0.2209737827715356,0.22846441947565543,0.07434944237918216,0.07434944237918216,0.22846441947565543,0.17459588154212438,0.0709508695422186,2.24159765690007,2.0550243113371316,2.650570676229257,2.0550243113371316,2.650570676229257,2.3157308814888196,0.2487176034850243
266,,,,,,,,,,,2.19353088664825,2.06956333563878,2.6124505587855285,2.06956333563878,2.6124505587855285,2.29184826035752,0.2322805254339574,0.22846441947565543,0.21348314606741572,0.07434944237918216,0.07434944237918216,0.22846441947565543,0.1720990026407511,0.06938944221676514,2.2364352249474115,2.1035956113079513,2.650570676229257,2.1035956113079513,2.650570676229257,2.33020050416154,0.23293686712783257
267,,,,,,,,,,,2.1805974199177554,2.1149797714673557,2.6124505587855285,2.1149797714673557,2.6124505587855285,2.302675916723546,0.2206757283066594,0.2397003745318352,0.20599250936329588,0.07434944237918216,0.07434944237918216,0.2397003745318352,0.17334744209143774,0.07134193719370548,2.196874064899116,2.099539249577326,2.650570676229257,2.099539249577326,2.650570676229257,2.3156613302352334,0.24012735384102668
268,,,,,,,,,,,2.1430938775087345,2.057074788900522,2.6124505587855285,2.057074788900522,2.6124505587855285,2.2708730750649284,0.24407130643853456,0.20973782771535582,0.21722846441947566,0.07434944237918216,0.07434944237918216,0.21722846441947566,0.16710524483800457,0.06565950846040675,2.2110605802428855,2.076481346780441,2.650570676229257,2.076481346780441,2.650570676229257,2.3127042010841947,0.24514377929431083
269,,,,,,,,,,,2.147755137765717,2.0589837679496177,2.6124505587855285,2.0589837679496177,2.6124505587855285,2.2730631548336215,0.24270413606648464,0.23220973782771537,0.1947565543071161,0.07434944237918216,0.07434944237918216,0.23220973782771537,0.16710524483800457,0.06734693463101832,2.234535086020995,2.1376004861981683,2.650570676229257,2.1376004861981683,2.650570676229257,2.34090208281614,0.2225160031256878
270,,,,,,,,,,,2.1635586579793684,2.0402614043309137,2.6124505587855285,2.0402614043309137,2.6124505587855285,2.272090207031937,0.24587860144616663,0.23595505617977527,0.18726591760299627,0.07434944237918216,0.07434944237918216,0.23595505617977527,0.16585680538731792,0.06768976371340177,2.2263824073562906,2.0756880469090038,2.650570676229257,2.0756880469090038,2.650570676229257,2.317547043498184,0.24338686973034623
271,,,,,,,,,,,2.177513712753575,2.093401450377244,2.6124505587855285,2.093401450377244,2.6124505587855285,2.294455240638783,0.22746352812843618,0.2397003745318352,0.24344569288389514,0.07434944237918216,0.07434944237918216,0.24344569288389514,0.18583183659830416,0.07884478430439715,2.2061485101221208,2.0325187199124684,2.650570676229257,2.0325187199124684,2.650570676229257,2.296412635421282,0.2602662283301075
272,,,,,,,,,,,2.1675609713913273,2.084496802550096,2.6124505587855285,2.084496802550096,2.6124505587855285,2.2881694442423175,0.23179530477465332,0.24344569288389514,0.250936329588015,0.07434944237918216,0.07434944237918216,0.250936329588015,0.1895771549503641,0.08153566384451436,2.202401931812701,2.1030294814806307,2.650570676229257,2.1030294814806307,2.650570676229257,2.318667363174196,0.23817161583466692
273,,,,,,,,,,,2.1676142481913123,2.0522833530719464,2.6124505587855285,2.0522833530719464,2.6124505587855285,2.2774493866829295,0.2415155520525129,0.2247191011235955,0.24344569288389514,0.07434944237918216,0.07434944237918216,0.24344569288389514,0.1808380787955576,0.07568594574117214,2.2137534234407688,2.060613344671128,2.650570676229257,2.060613344671128,2.650570676229257,2.3083124814470515,0.2499579629365355
274,,,,,,,,,,,2.135597949078498,2.094313353758592,2.6124505587855285,2.094313353758592,2.6124505587855285,2.2807872872075396,0.2351262054557697,0.27340823970037453,0.22846441947565543,0.07434944237918216,0.07434944237918216,0.27340823970037453,0.19207403385173738,0.08524199404101629,2.156092585695817,2.0922016409898965,2.650570676229257,2.0922016409898965,2.650570676229257,2.2996216343049904,0.24952546393040317
275,,,,,,,,,,,2.144281031995926,2.0807893111155584,2.6124505587855285,2.0807893111155584,2.6124505587855285,2.279173633965671,0.23708357333525992,0.2209737827715356,0.23220973782771537,0.07434944237918216,0.07434944237918216,0.23220973782771537,0.17584432099281103,0.07191415929241644,2.217965126930551,2.0541399507486866,2.650570676229257,2.0541399507486866,2.650570676229257,2.307558584636165,0.25159841457112514
276,,,,,,,,,,,2.130924320542204,2.057873326081496,2.6124505587855285,2.057873326081496,2.6124505587855285,2.2670827351364093,0.2460261668427721,0.23220973782771537,0.24719101123595505,0.07434944237918216,0.07434944237918216,0.24719101123595505,0.1845833971476175,0.0781867560232132,2.2298695853586947,2.04238809360547,2.650570676229257,2.04238809360547,2.650570676229257,2.3076094517311407,0.2543018266672358
277,,,,,,,,,,,2.1363097961644235,2.0465621544764594,2.6124505587855285,2.0465621544764594,2.6124505587855285,2.265107503142137,0.2483264766725501,0.250936329588015,0.2397003745318352,0.07434944237918216,0.07434944237918216,0.250936329588015,0.18832871549967745,0.0807259466644749,2.156712207901344,2.0575309808781084,2.650570676229257,2.0575309808781084,2.650570676229257,2.2882712883362366,0.2593644331813208
278,,,,,,,,,,,2.1560796011630106,2.0670674324035643,2.6124505587855285,2.0670674324035643,2.6124505587855285,2.2785325307840343,0.23889569357792945,0.2209737827715356,0.23220973782771537,0.07434944237918216,0.07434944237918216,0.23220973782771537,0.17584432099281103,0.07191415929241644,2.192540048213487,2.04782597313213,2.650570676229257,2.04782597313213,2.650570676229257,2.296978899191625,0.25691230601528375
279,,,,,,,,,,,2.1226476076362912,2.055998057585496,2.6124505587855285,2.055998057585496,2.6124505587855285,2.2636987413357716,0.24810134120472435,0.2546816479400749,0.24719101123595505,0.07434944237918216,0.07434944237918216,0.2546816479400749,0.19207403385173738,0.08330000795355422,2.190182708175888,2.08145876145095,2.650570676229257,2.08145876145095,2.650570676229257,2.3074040486186984,0.2466816097416057
280,,,,,,,,,,,2.121911849622203,2.0609592364384577,2.6124505587855285,2.0609592364384577,2.6124505587855285,2.26510721494873,0.2468661636653597,0.22846441947565543,0.23220973782771537,0.07434944237918216,0.07434944237918216,0.23220973782771537,0.17834119989418432,0.07354917210358353,2.2333196147104326,2.045027553365472,2.650570676229257,2.045027553365472,2.650570676229257,2.3096392814350537,0.2530337751613729
281,,,,,,,,,,,2.1259082910300906,2.0711426221407376,2.6124505587855285,2.0711426221407376,2.6124505587855285,2.2698338239854525,0.2432961019636003,0.22846441947565543,0.21348314606741572,0.07434944237918216,0.07434944237918216,0.22846441947565543,0.1720990026407511,0.06938944221676514,2.228635327199872,2.0615172832646174,2.650570676229257,2.0615172832646174,2.650570676229257,2.3135744288979154,0.2478668502627187
282,,,,,,,,,,,2.166307397710233,2.014637246498695,2.6124505587855285,2.014637246498695,2.6124505587855285,2.264465067664819,0.25373396200879883,0.21348314606741572,0.2209737827715356,0.07434944237918216,0.07434944237918216,0.2209737827715356,0.1696021237393778,0.06742320267923846,2.2478561919280207,2.040905731894104,2.650570676229257,2.040905731894104,2.650570676229257,2.3131108666837936,0.2531356230967998
283,,,,,,,,,,,2.16536164421434,2.056301267330463,2.6124505587855285,2.056301267330463,2.6124505587855285,2.278037823443444,0.2406206552795564,0.23595505617977527,0.20599250936329588,0.07434944237918216,0.07434944237918216,0.23595505617977527,0.1720990026407511,0.07019340401789902,2.2235556622123003,2.0864769626646007,2.650570676229257,2.0864769626646007,2.650570676229257,2.320201100368719,0.24021613178986104
284,,,,,,,,,,,2.1067468069056345,2.057108261035039,2.6124505587855285,2.057108261035039,2.6124505587855285,2.2587685422420676,0.2509106387125686,0.21722846441947566,0.22846441947565543,0.07434944237918216,0.07434944237918216,0.22846441947565543,0.17334744209143774,0.070152284979545,2.2328526089700422,2.014096733336145,2.650570676229257,2.014096733336145,2.650570676229257,2.2991733395118152,0.2640373704234206
285,,,,,,,,,,,2.086471784103364,2.0421881418961747,2.6124505587855285,2.0421881418961747,2.6124505587855285,2.2470368282616895,0.25901821825667715,0.23595505617977527,0.22846441947565543,0.07434944237918216,0.07434944237918216,0.23595505617977527,0.17958963934487096,0.0744788636799775,2.169218012456144,2.0515189233344144,2.650570676229257,2.0515189233344144,2.650570676229257,2.290435870673272,0.2591474194670628
286,,,,,,,,,,,2.1258236592038533,2.0214289041665885,2.6124505587855285,2.0214289041665885,2.6124505587855285,2.2532343740519902,0.2575548702066058,0.2546816479400749,0.24719101123595505,0.07434944237918216,0.07434944237918216,0.2546816479400749,0.19207403385173738,0.08330000795355422,2.1562724756390863,2.0463128348861295,2.650570676229257,2.0463128348861295,2.650570676229257,2.2843853289181575,0.26279467534895345
287,,,,,,,,,,,2.124821719122805,2.0780617255430953,2.6124505587855285,2.0780617255430953,2.6124505587855285,2.2717780011504765,0.2416470813591584,0.23595505617977527,0.250936329588015,0.07434944237918216,0.07434944237918216,0.250936329588015,0.1870802760489908,0.07994702530697292,2.190526280063815,2.0608505256167065,2.650570676229257,2.0608505256167065,2.650570676229257,2.3006491606365933,0.25303194874541973
288,,,,,,,,,,,2.095781759531941,2.061841401687035,2.6124505587855285,2.061841401687035,2.6124505587855285,2.2566912400015013,0.25194113948687336,0.23595505617977527,0.22846441947565543,0.07434944237918216,0.07434944237918216,0.23595505617977527,0.17958963934487096,0.0744788636799775,2.1517181342907166,2.0420046058040433,2.650570676229257,2.0420046058040433,2.650570676229257,2.2814311387746726,0.26483612941765533
289,,,,,,,,,,,2.1265982989512233,2.0527117454088653,2.6124505587855285,2.0527117454088653,2.6124505587855285,2.263920201048539,0.24828728440632009,0.2397003745318352,0.250936329588015,0.07434944237918216,0.07434944237918216,0.250936329588015,0.18832871549967745,0.0807259466644749,2.175013356440969,2.031055128083247,2.650570676229257,2.031055128083247,2.650570676229257,2.2855463869178245,0.2647175119738787
290,,,,,,,,,,,2.1125672928293353,2.0471778392791746,2.6124505587855285,2.0471778392791746,2.6124505587855285,2.2573985636313463,0.2524749289284268,0.2209737827715356,0.24719101123595505,0.07434944237918216,0.07434944237918216,0.24719101123595505,0.1808380787955576,0.07605571655680303,2.2290502094597406,2.020421871085292,2.650570676229257,2.020421871085292,2.650570676229257,2.3000142522580966,0.2621053232116266
291,,,,,,,,,,,2.1242668067640245,2.0699017176261316,2.6124505587855285,2.0699017176261316,2.6124505587855285,2.268873027725228,0.24395768843027058,0.24344569288389514,0.19850187265917604,0.07434944237918216,0.07434944237918216,0.24344569288389514,0.1720990026407511,0.07151325817681428,2.1802242748746266,2.064892810828677,2.650570676229257,2.064892810828677,2.650570676229257,2.2985625873108533,0.2533214132911462
292,,,,,,,,,,,2.1213988757569475,2.0297709465026856,2.6124505587855285,2.0297709465026856,2.6124505587855285,2.2545401270150536,0.25583044806075717,0.2209737827715356,0.26591760299625467,0.07434944237918216,0.07434944237918216,0.26591760299625467,0.1870802760489908,0.08179717757565767,2.2006541450371904,1.994448475176922,2.650570676229257,1.994448475176922,2.650570676229257,2.2818910988144565,0.27395092951439004
293,,,,,,,,,,,2.1151238663823015,2.033420724135179,2.6124505587855285,2.033420724135179,2.6124505587855285,2.2536650497676693,0.2558829575856462,0.24719101123595505,0.2209737827715356,0.07434944237918216,0.07434944237918216,0.24719101123595505,0.1808380787955576,0.07605571655680303,2.1559310263015803,2.049774894107147,2.650570676229257,2.049774894107147,2.650570676229257,2.2854255322126615,0.2618084710238838
294,,,,,,,,,,,2.1134437954804435,2.038754907021156,2.6124505587855285,2.038754907021156,2.6124505587855285,2.2548830870957093,0.2546703491742586,0.25842696629213485,0.25842696629213485,0.07434944237918216,0.07434944237918216,0.25842696629213485,0.19706779165448396,0.08677497694858514,2.1758908011047136,2.0039501208044617,2.650570676229257,2.0039501208044617,2.650570676229257,2.2768038660461443,0.27345581078896186
295,,,,,,,,,,,2.0836540489270208,1.9948629232553334,2.6124505587855285,1.9948629232553334,2.6124505587855285,2.230322510322628,0.272625934283663,0.2209737827715356,0.22846441947565543,0.07434944237918216,0.07434944237918216,0.22846441947565543,0.17459588154212438,0.0709508695422186,2.1755891114138484,2.0303666573785217,2.650570676229257,2.0303666573785217,2.650570676229257,2.285508815007209,0.26485846808964475
296,,,,,,,,,,,2.114119759308133,2.0329869673802303,2.6124505587855285,2.0329869673802303,2.6124505587855285,2.2531857618246307,0.2561887692477567,0.25842696629213485,0.26217228464419473,0.07434944237918216,0.07434944237918216,0.26217228464419473,0.19831623110517058,0.08767109133066596,2.208087373762095,2.0178276635287853,2.650570676229257,2.0178276635287853,2.650570676229257,2.2921619045067128,0.2650689533816476
297,,,,,,,,,,,2.052328819145482,2.033074129544772,2.6124505587855285,2.033074129544772,2.6124505587855285,2.232617835825261,0.2686973003728217,0.24719101123595505,0.22846441947565543,0.07434944237918216,0.07434944237918216,0.24719101123595505,0.18333495769693087,0.07744268083146252,2.1820334522018716,2.0200159594360807,2.650570676229257,2.0200159594360807,2.650570676229257,2.2842066959557368,0.2673690851263109
298,,,,,,,,,,,2.0817808111317464,1.9996865639319787,2.6124505587855285,1.9996865639319787,2.6124505587855285,2.231305977949751,0.2715857875284645,0.2397003745318352,0.23595505617977527,0.07434944237918216,0.07434944237918216,0.2397003745318352,0.18333495769693087,0.07707956393318963,2.19207956907008,2.0228358725929976,2.650570676229257,2.0228358725929976,2.650570676229257,2.2884953726307784,0.2651851570836934
299,,,,,,,,,,,2.0706182712540246,2.0442317999326267,2.6124505587855285,2.0442317999326267,2.6124505587855285,2.24243354332406,0.261863202538346,0.23595505617977527,0.26217228464419473,0.07434944237918216,0.07434944237918216,0.26217228464419473,0.19082559440105074,0.08305362227482904,2.1904446596509954,2.0090815136941633,2.650570676229257,2.0090815136941633,2.650570676229257,2.2833656165248057,0.27000347477054476
300,,,,,,,,,,,2.0931204521851083,2.046325107721182,2.6124505587855285,2.046325107721182,2.6124505587855285,2.2506320395639396,0.2565565976604406,0.24344569288389514,0.24344569288389514,0.07434944237918216,0.07434944237918216,0.24344569288389514,0.1870802760489908,0.07971273693673447,2.1812353044859925,2.0651542667146034,2.650570676229257,2.0651542667146034,2.650570676229257,2.298986749143284,0.25308384008916446
301,,,,,,,,,,,2.0567641868628024,1.9865377774605384,2.6124505587855285,1.9865377774605384,2.6124505587855285,2.218584174369623,0.2799773606609731,0.20973782771535582,0.2247191011235955,0.07434944237918216,0.07434944237918216,0.2247191011235955,0.1696021237393778,0.06763093285355616,2.2159388574321617,2.0444200065698515,2.650570676229257,2.0444200065698515,2.650570676229257,2.3036431800770902,0.25511264798135846
302,,,,,,,,,,,2.110206089304317,2.062083394710834,2.6124505587855285,2.062083394710834,2.6124505587855285,2.2615800142668934,0.24887955948187349,0.22846441947565543,0.24719101123595505,0.07434944237918216,0.07434944237918216,0.24719101123595505,0.18333495769693087,0.07744268083146252,2.197697540347496,2.0374772137916937,2.650570676229257,2.0374772137916937,2.650570676229257,2.295248476789482,0.2596254190450174
303,,,,,,,,,,,2.0455423909041373,2.0157663895533635,2.6124505587855285,2.0157663895533635,2.6124505587855285,2.2245864464143428,0.2745306052315794,0.23220973782771537,0.26217228464419473,0.07434944237918216,0.07434944237918216,0.26217228464419473,0.1895771549503641,0.08239137439167046,2.2331679938884266,2.0167813515395263,2.650570676229257,2.0167813515395263,2.650570676229257,2.300173340552403,0.2630456416465098
304,,,,,,,,,,,2.074544536941205,2.063210338812608,2.6124505587855285,2.063210338812608,2.6124505587855285,2.250068478179781,0.2562846012670519,0.2808988764044944,0.22846441947565543,0.07434944237918216,0.07434944237918216,0.2808988764044944,0.19457091275311067,0.08766316034499173,2.173907444271702,2.0275575694966403,2.650570676229257,2.0275575694966403,2.650570676229257,2.2840118966658665,0.265993202441868
305,,,,,,,,,,,2.048644818171959,1.9802996415358323,2.6124505587855285,1.9802996415358323,2.6124505587855285,2.213798339497773,0.2832671998304136,0.2247191011235955,0.26591760299625467,0.07434944237918216,0.07434944237918216,0.26591760299625467,0.18832871549967745,0.08233178877746318,2.221942276543892,2.043656941210286,2.650570676229257,2.043656941210286,2.650570676229257,2.305389964661145,0.2547007498061928
306,,,,,,,,,,,2.0457773697387727,2.03931129528926,2.6124505587855285,2.03931129528926,2.6124505587855285,2.2325130746045203,0.26866934007442683,0.20973782771535582,0.2247191011235955,0.07434944237918216,0.07434944237918216,0.2247191011235955,0.1696021237393778,0.06763093285355616,2.275244424405616,2.0211697883820268,2.650570676229257,2.0211697883820268,2.650570676229257,2.3156616296723,0.25853630598286376
307,,,,,,,,,,,2.049006115713294,2.054397203372075,2.6124505587855285,2.049006115713294,2.6124505587855285,2.238617959290299,0.2643487283754253,0.20973782771535582,0.30337078651685395,0.07434944237918216,0.07434944237918216,0.30337078651685395,0.19581935220379731,0.09401413719251966,2.2300311608260937,2.0214274259988736,2.650570676229257,2.0214274259988736,2.650570676229257,2.300676421018075,0.2616592847174958
308,,,,,,,,,,,2.032182296729065,1.9893224239349365,2.6124505587855285,1.9893224239349365,2.6124505587855285,2.2113184264831767,0.28418243301097484,0.23595505617977527,0.27340823970037453,0.07434944237918216,0.07434944237918216,0.27340823970037453,0.19457091275311067,0.08637355572592399,2.2096614257226723,2.0170171198327,2.650570676229257,2.0170171198327,2.650570676229257,2.292416407261543,0.2651839832176968
309,,,,,,,,,,,2.02003045203711,1.95107285793011,2.6124505587855285,1.95107285793011,2.6124505587855285,2.194517956250916,0.29686083455863294,0.2209737827715356,0.2247191011235955,0.07434944237918216,0.07434944237918216,0.2247191011235955,0.17334744209143774,0.07001885371174628,2.241683013430249,2.0418307245447394,2.650570676229257,2.0418307245447394,2.650570676229257,2.3113614714014155,0.2533540313778948
310,,,,,,,,,,,2.046358435514228,1.987054259960468,2.6124505587855285,1.987054259960468,2.6124505587855285,2.2152877514200746,0.28187818642732204,0.24344569288389514,0.2808988764044944,0.07434944237918216,0.07434944237918216,0.2808988764044944,0.19956467055585725,0.08985108147915091,2.175678656788801,2.029864417479726,2.650570676229257,2.029864417479726,2.650570676229257,2.285371250165928,0.2650074385044815
311,,,,,,,,,,,2.061720684012963,2.0102806311387282,2.6124505587855285,2.0102806311387282,2.6124505587855285,2.2281506246457403,0.2725513398668349,0.23220973782771537,0.25842696629213485,0.07434944237918216,0.07434944237918216,0.25842696629213485,0.18832871549967745,0.08130310282269362,2.2344356324342307,2.018327403157838,2.650570676229257,2.018327403157838,2.650570676229257,2.301111237273775,0.2623828199362585
312,,,,,,,,,,,1.9906601052197042,1.9746838844739474,2.6124505587855285,1.9746838844739474,2.6124505587855285,2.192598182826393,0.2969520983887553,0.23595505617977527,0.2846441947565543,0.07434944237918216,0.07434944237918216,0.2846441947565543,0.19831623110517058,0.08988318932226272,2.2750837847534635,2.0384505884477706,2.650570676229257,2.0384505884477706,2.650570676229257,2.321368349810164,0.25203101156837776
313,,,,,,,,,,,2.0308529963507116,2.021339614574726,2.6124505587855285,2.021339614574726,2.6124505587855285,2.221547723236989,0.27643733013484323,0.19101123595505617,0.250936329588015,0.07434944237918216,0.07434944237918216,0.250936329588015,0.1720990026407511,0.07332115024660253,2.3283399580123274,2.0581391438116294,2.650570676229257,2.0581391438116294,2.650570676229257,2.3456832593510715,0.2421698752620696
314,,,,,,,,,,,2.0034127125267345,2.010652487094586,2.6124505587855285,2.0034127125267345,2.6124505587855285,2.2088385861356166,0.2854120669414819,0.21348314606741572,0.2808988764044944,0.07434944237918216,0.07434944237918216,0.2808988764044944,0.1895771549503641,0.08600112201791563,2.2427486560764383,2.0655622687679105,2.650570676229257,2.0655622687679105,2.650570676229257,2.319627200357869,0.2449373282130746
315,,,,,,,,,,,2.022953428019688,2.0072230302370513,2.6124505587855285,2.0072230302370513,2.6124505587855285,2.2142090056807557,0.2816725194477635,0.23595505617977527,0.2696629213483146,0.07434944237918216,0.07434944237918216,0.2696629213483146,0.19332247330242402,0.08524471287163836,2.1924764342075878,2.019808100403918,2.650570676229257,2.019808100403918,2.650570676229257,2.2876184036135876,0.26615077496573675
316,,,,,,,,,,,1.9787931602889237,1.9944212656754714,2.6124505587855285,1.9787931602889237,2.6124505587855285,2.195221661583308,0.2950943622130941,0.23595505617977527,0.27340823970037453,0.07434944237918216,0.07434944237918216,0.27340823970037453,0.19457091275311067,0.08637355572592399,2.224911712082138,2.0023761545674184,2.650570676229257,2.0023761545674184,2.650570676229257,2.2926195142929378,0.2689204273117082
317,,,,,,,,,,,2.0448848675717746,2.009310630651621,2.6124505587855285,2.009310630651621,2.6124505587855285,2.222215352336308,0.2763198856970692,0.22846441947565543,0.23595505617977527,0.07434944237918216,0.07434944237918216,0.23595505617977527,0.17958963934487096,0.0744788636799775,2.277501690253783,2.066961025030872,2.650570676229257,2.066961025030872,2.650570676229257,2.331677797171304,0.24131769401010109
318,,,,,,,,,,,2.0716755059731478,1.9501739428593563,2.6124505587855285,1.9501739428593563,2.6124505587855285,2.211433335872677,0.2878677558235437,0.24344569288389514,0.2883895131086142,0.07434944237918216,0.07434944237918216,0.2883895131086142,0.2020615494572305,0.09215122883909953,2.1945626869630277,2.0102439908945606,2.650570676229257,2.0102439908945606,2.650570676229257,2.2851257846956154,0.2691416256559874
319,,,,,,,,,,,2.0404942875532606,1.9889212736716637,2.6124505587855285,1.9889212736716637,2.6124505587855285,2.213955373336818,0.2825641562071166,0.20973782771535582,0.22846441947565543,0.07434944237918216,0.07434944237918216,0.22846441947565543,0.17085056319006445,0.06866353252421845,2.2362126330757857,2.057079760769333,2.650570676229257,2.057079760769333,2.650570676229257,2.3146210233581255,0.24855418380890368
320,,,,,,,,,,,2.0032708851389294,1.9608759513268104,2.6124505587855285,1.9608759513268104,2.6124505587855285,2.1921991317504226,0.2976662326017913,0.26591760299625467,0.26591760299625467,0.07434944237918216,0.07434944237918216,0.26591760299625467,0.2020615494572305,0.09030609695451046,2.14637142977911,2.0174287803164135,2.650570676229257,2.0174287803164135,2.650570676229257,2.2714569621082603,0.27319340876453285
321,,,,,,,,,,,1.9869579128397554,1.99374974324153,2.6124505587855285,1.9869579128397554,2.6124505587855285,2.197719404955605,0.29327231908003926,0.2209737827715356,0.26217228464419473,0.07434944237918216,0.07434944237918216,0.26217228464419473,0.18583183659830416,0.08060426913738779,2.2244648254766,1.9778723163104683,2.650570676229257,1.9778723163104683,2.650570676229257,2.2843026060054417,0.2778683031501559
322,,,,,,,,,,,1.9712978467216162,1.995823781306927,2.6124505587855285,1.9712978467216162,2.6124505587855285,2.193190728938024,0.2966305042300264,0.2247191011235955,0.30337078651685395,0.07434944237918216,0.07434944237918216,0.30337078651685395,0.20081311000654387,0.09501338967437832,2.223703788014387,2.0257064563951244,2.650570676229257,2.0257064563951244,2.650570676229257,2.299993640212923,0.2607411608838488
323,,,,,,,,,,,1.9796708866996875,1.9745723522626437,2.6124505587855285,1.9745723522626437,2.6124505587855285,2.18889793258262,0.29950416706715677,0.19850187265917604,0.27340823970037453,0.07434944237918216,0.07434944237918216,0.27340823970037453,0.18208651824624425,0.08209019061624236,2.2264049642541437,1.9995297448018963,2.650570676229257,1.9995297448018963,2.650570676229257,2.2921684617617655,0.26982364833569555
324,,,,,,,,,,,2.025757788693939,1.9377335218282847,2.6124505587855285,1.9377335218282847,2.6124505587855285,2.1919806231025842,0.2994809877095412,0.24719101123595505,0.29213483146067415,0.07434944237918216,0.07434944237918216,0.29213483146067415,0.2045584283586038,0.0938820954404686,2.144763867953297,1.9723707718795604,2.650570676229257,1.9723707718795604,2.650570676229257,2.255901772020705,0.2878107049843197
325,,,,,,,,,,,1.956312997738138,1.9773873732640193,2.6124505587855285,1.956312997738138,2.6124505587855285,2.1820503099292288,0.30446052068932805,0.23220973782771537,0.25842696629213485,0.07434944237918216,0.07434944237918216,0.25842696629213485,0.18832871549967745,0.08130310282269362,2.211855513326238,2.0784553008133106,2.650570676229257,2.0784553008133106,2.650570676229257,2.313627163456269,0.2444000849351658
326,,,,,,,,,,,1.9597315316709678,1.9721053526951717,2.6124505587855285,1.9597315316709678,2.6124505587855285,2.1814291477172225,0.30482002390609647,0.1947565543071161,0.25842696629213485,0.07434944237918216,0.07434944237918216,0.25842696629213485,0.17584432099281103,0.07632993353061411,2.312166772978136,2.0592851076233254,2.650570676229257,2.0592851076233254,2.650570676229257,2.3406741856102395,0.24223151507272644
327,,,,,,,,,,,1.9662190253512004,2.0071441063514124,2.6124505587855285,1.9662190253512004,2.6124505587855285,2.1952712301627137,0.2954630938446236,0.250936329588015,0.2546816479400749,0.07434944237918216,0.07434944237918216,0.2546816479400749,0.19332247330242402,0.08414053092965589,2.1619412354315712,2.02258496070176,2.650570676229257,2.02258496070176,2.650570676229257,2.278365624120863,0.26926751684016403
328,,,,,,,,,,,1.9863575192112781,1.9406395508692815,2.6124505587855285,1.9406395508692815,2.6124505587855285,2.179815876288696,0.30648774802231077,0.2247191011235955,0.29213483146067415,0.07434944237918216,0.07434944237918216,0.29213483146067415,0.19706779165448393,0.09103503029369756,2.218090053801233,2.00971633753973,2.650570676229257,2.00971633753973,2.650570676229257,2.29279235585674,0.2669068455517667
329,,,,,,,,,,,1.9155457572826866,1.9255004020837636,2.6124505587855285,1.9155457572826866,2.6124505587855285,2.1511655727173262,0.3262030579431929,0.24344569288389514,0.29213483146067415,0.07434944237918216,0.07434944237918216,0.29213483146067415,0.20330998890791716,0.09333014866440432,2.1306963074073364,1.9769446519430212,2.650570676229257,1.9769446519430212,2.650570676229257,2.2527372118598716,0.28822848797278267
330,,,,,,,,,,,1.9527796282001821,1.9822604912977952,2.6124505587855285,1.9527796282001821,2.6124505587855285,2.1824968927611685,0.30426128740287806,0.24719101123595505,0.26217228464419473,0.07434944237918216,0.07434944237918216,0.26217228464419473,0.19457091275311064,0.0852291463932581,2.1692217476805498,2.043596165010545,2.650570676229257,2.043596165010545,2.650570676229257,2.2877961963067843,0.2615969408811453
331,,,,,,,,,,,1.9768676466386519,2.028321854884808,2.6124505587855285,1.9768676466386519,2.6124505587855285,2.2058800201029958,0.28825519489971974,0.23595505617977527,0.27340823970037453,0.07434944237918216,0.07434944237918216,0.27340823970037453,0.19457091275311067,0.08637355572592399,2.2054616065507524,1.9747970175653808,2.650570676229257,1.9747970175653808,2.650570676229257,2.27694310011513,0.2804754444125616
332,,,,,,,,,,,1.9545686718818658,1.9361863686488225,2.6124505587855285,1.9361863686488225,2.6124505587855285,2.1677351997720726,0.3145507803994858,0.25842696629213485,0.2958801498127341,0.07434944237918216,0.07434944237918216,0.2958801498127341,0.20955218616135038,0.09681777276108931,2.1515488312039035,1.9791582193267478,2.650570676229257,1.9791582193267478,2.650570676229257,2.2604259089199696,0.2847096010088861
333,,,,,,,,,,,1.9538745171066887,1.92614211669335,2.6124505587855285,1.92614211669335,2.6124505587855285,2.1641557308618555,0.31719443150377863,0.2209737827715356,0.3146067415730337,0.07434944237918216,0.07434944237918216,0.3146067415730337,0.20330998890791716,0.09887668975116862,2.1656292511729265,1.9555597510677152,2.650570676229257,1.9555597510677152,2.650570676229257,2.257253226156633,0.2910398152800137
334,,,,,,,,,,,1.9828290018011907,1.9539049185239352,2.6124505587855285,1.9539049185239352,2.6124505587855285,2.1830614930368846,0.30385344931038405,0.24344569288389514,0.27715355805243447,0.07434944237918216,0.07434944237918216,0.27715355805243447,0.1983162311051706,0.08873134949133629,2.183581330803003,2.009152254361785,2.650570676229257,2.009152254361785,2.650570676229257,2.281101420464682,0.2707853072004413
335,,,,,,,,,,,1.9735176936150516,1.9252411475548377,2.6124505587855285,1.9252411475548377,2.6124505587855285,2.1704031333184726,0.3131954671834777,0.23595505617977527,0.2846441947565543,0.07434944237918216,0.07434944237918216,0.2846441947565543,0.19831623110517058,0.08988318932226272,2.2128310319636197,1.9802305064397805,2.650570676229257,1.9802305064397805,2.650570676229257,2.281210738210886,0.2779038490535805
336,,,,,,,,,,,1.909942359621417,1.9479054450988769,2.6124505587855285,1.909942359621417,2.6124505587855285,2.1567661211686073,0.3225900690550671,0.2209737827715356,0.31835205992509363,0.07434944237918216,0.07434944237918216,0.31835205992509363,0.2045584283586038,0.10028764376429333,2.1826184563868947,1.9788338646906591,2.650570676229257,1.9788338646906591,2.650570676229257,2.2706743324356036,0.2812151773690266
337,,,,,,,,,,,1.9331955071018796,1.9562652936348548,2.6124505587855285,1.9331955071018796,2.6124505587855285,2.167303786507421,0.31490717194636075,0.23595505617977527,0.2846441947565543,0.07434944237918216,0.07434944237918216,0.2846441947565543,0.19831623110517058,0.08988318932226272,2.188285532069117,1.9922461706154355,2.650570676229257,1.9922461706154355,2.650570676229257,2.2770341263046032,0.2759891584911769
338,,,,,,,,,,,1.9755300423408266,1.938496811573322,2.6124505587855285,1.938496811573322,2.6124505587855285,2.175492470899892,0.3093456997942305,0.20224719101123595,0.2883895131086142,0.07434944237918216,0.07434944237918216,0.2883895131086142,0.18832871549967745,0.08793399395717016,2.279941719569517,1.9808728391311587,2.650570676229257,1.9808728391311587,2.650570676229257,2.3037950783099777,0.27392278144989285
339,,,,,,,,,,,1.9080523787150598,1.9564966476880588,2.6124505587855285,1.9080523787150598,2.6124505587855285,2.158999861729549,0.32124742571679055,0.2397003745318352,0.3146067415730337,0.07434944237918216,0.07434944237918216,0.3146067415730337,0.20955218616135038,0.1003745565386556,2.1655587703547674,1.9580058971147858,2.650570676229257,1.9580058971147858,2.650570676229257,2.2580451145662703,0.29020313140588905
340,,,,,,,,,,,1.9230870377914164,1.9153247338074904,2.6124505587855285,1.9153247338074904,2.6124505587855285,2.1502874434614783,0.3268140370458487,0.21722846441947566,0.26591760299625467,0.07434944237918216,0.07434944237918216,0.26591760299625467,0.18583183659830416,0.08129740143226388,2.157829488261362,1.946737579638592,2.650570676229257,1.946737579638592,2.650570676229257,2.251712581376404,0.29490765034016647
341,,,,,,,,,,,1.9595525529777005,1.955241164794335,2.6124505587855285,1.955241164794335,2.6124505587855285,2.1757480921858545,0.30880029173960344,0.23220973782771537,0.2958801498127341,0.07434944237918216,0.07434944237918216,0.2958801498127341,0.20081311000654387,0.09312455731584576,2.223099914829383,2.008136438519767,2.650570676229257,2.008136438519767,2.650570676229257,2.293935676526136,0.26701275412323505
342,,,,,,,,,,,1.952400893403201,1.909360540830172,2.6124505587855285,1.909360540830172,2.6124505587855285,2.158070664339634,0.32177521589343433,0.2397003745318352,0.299625468164794,0.07434944237918216,0.07434944237918216,0.299625468164794,0.2045584283586038,0.09526643072307488,2.191816308525171,1.9591796817850977,2.650570676229257,1.9591796817850977,2.650570676229257,2.2671888888465084,0.2872468696642237
343,,,,,,,,,,,1.9371801151233412,1.9132426812098577,2.6124505587855285,1.9132426812098577,2.6124505587855285,2.154291118372909,0.32411500511906155,0.2546816479400749,0.30337078651685395,0.07434944237918216,0.07434944237918216,0.30337078651685395,0.21080062561203702,0.09851176616043317,2.1881082825892872,1.9561125321334667,2.650570676229257,1.9561125321334667,2.650570676229257,2.264930496984004,0.28866851571034813
344,,,,,,,,,,,1.9320378686741526,1.9593681518848125,2.6124505587855285,1.9320378686741526,2.6124505587855285,2.167952193114831,0.3145057857528585,0.29213483146067415,0.2696629213483146,0.07434944237918216,0.07434944237918216,0.29213483146067415,0.21204906506272367,0.0977995782247782,2.0891260931107882,1.9864449697487363,2.650570676229257,1.9864449697487363,2.650570676229257,2.2420472463629273,0.2918954125893221
345,,,,,,,,,,,1.8982393959603479,1.9642929315567017,2.6124505587855285,1.8982393959603479,2.6124505587855285,2.1583276287675264,0.32224369046556095,0.24719101123595505,0.27340823970037453,0.07434944237918216,0.07434944237918216,0.27340823970037453,0.19831623110517058,0.08830877380858702,2.1562693994143483,1.9792423176854737,2.650570676229257,1.9792423176854737,2.650570676229257,2.2620274644430265,0.2840880350469202
346,,,,,,,,,,,1.9883675402007044,1.9062833639291616,2.6124505587855285,1.9062833639291616,2.6124505587855285,2.1690338209717983,0.31532867036218176,0.24719101123595505,0.29213483146067415,0.07434944237918216,0.07434944237918216,0.29213483146067415,0.2045584283586038,0.0938820954404686,2.162912475035878,1.9586825888701593,2.650570676229257,1.9586825888701593,2.650570676229257,2.2573885800450983,0.290254580406744
347,,,,,,,,,,,1.887900544658547,1.918764404150156,2.6124505587855285,1.887900544658547,2.6124505587855285,2.139705169198077,0.33451885546041876,0.2397003745318352,0.2846441947565543,0.07434944237918216,0.07434944237918216,0.2846441947565543,0.19956467055585722,0.09042170377219756,2.1791864700531693,1.9498637195830042,2.650570676229257,1.9498637195830042,2.650570676229257,2.2598736219551436,0.29169661423546744
348,,,,,,,,,,,1.9423769453147837,1.930069088935852,2.6124505587855285,1.930069088935852,2.6124505587855285,2.1616321976787214,0.3188163179276658,0.21722846441947566,0.26217228464419473,0.07434944237918216,0.07434944237918216,0.26217228464419473,0.1845833971476175,0.08007758875829973,2.24621742673581,2.0087324019228476,2.650570676229257,2.0087324019228476,2.650570676229257,2.3018401682959717,0.2649647896421445
349,,,,,,,,,,,1.896747863786053,1.9020571543620184,2.6124505587855285,1.896747863786053,2.6124505587855285,2.1370851923112,0.336141062525898,0.25842696629213485,0.29213483146067415,0.07434944237918216,0.07434944237918216,0.29213483146067415,0.20830374671066373,0.0957144077634205,2.1505623390612083,1.9853663230210208,2.650570676229257,1.9853663230210208,2.650570676229257,2.2621664461038287,0.28280242268337863
350,,,,,,,,,,,1.984097685231052,1.8959639604275043,2.6124505587855285,1.8959639604275043,2.6124505587855285,2.164170734814695,0.3190172292070634,0.23595505617977527,0.3146067415730337,0.07434944237918216,0.07434944237918216,0.3146067415730337,0.20830374671066373,0.10001446108937917,2.216948536004913,1.9679072581873405,2.650570676229257,1.9679072581873405,2.650570676229257,2.278475490140503,0.28207151592822516
351,,,,,,,,,,,1.8993427626093038,1.916511033131526,2.6124505587855285,1.8993427626093038,2.6124505587855285,2.1427681181754528,0.33218958807811244,0.22846441947565543,0.31835205992509363,0.07434944237918216,0.07434944237918216,0.31835205992509363,0.2070553072599771,0.10075740471287696,2.199350102563922,1.9607129945290669,2.650570676229257,1.9607129945290669,2.650570676229257,2.2702112577740823,0.2860558019436989
352,,,,,,,,,,,1.874091135296716,1.8733547540811393,2.6124505587855285,1.8733547540811393,2.6124505587855285,2.119965482721128,0.3482396666798528,0.25842696629213485,0.31835205992509363,0.07434944237918216,0.07434944237918216,0.31835205992509363,0.21704282286547025,0.10382294170905629,2.1584386209423623,2.007542331566971,2.650570676229257,2.007542331566971,2.650570676229257,2.272183876246197,0.2745600727683965
353,,,,,,,,,,,1.936875077253127,1.9293996535814726,2.6124505587855285,1.9293996535814726,2.6124505587855285,2.1595750965400424,0.3202458521384412,0.26591760299625467,0.30711610486891383,0.07434944237918216,0.07434944237918216,0.30711610486891383,0.21579438341478355,0.10142101244338356,2.1321891934684154,1.9492207778973525,2.650570676229257,1.9492207778973525,2.650570676229257,2.2439935491983416,0.29703880828681983
354,,,,,,,,,,,1.9087583339478216,1.895478288943951,2.6124505587855285,1.895478288943951,2.6124505587855285,2.138895727225767,0.3348977194796662,0.26217228464419473,0.3295880149812734,0.07434944237918216,0.07434944237918216,0.3295880149812734,0.22203658066821674,0.10799641440413271,2.129854887165827,1.9043268389469676,2.650570676229257,1.9043268389469676,2.650570676229257,2.228250800780684,0.3124967018839568
355,,,,,,,,,,,1.9254586426998355,1.9421024359189547,2.6124505587855285,1.9254586426998355,2.6124505587855285,2.160003879134773,0.320000262925335,0.26591760299625467,0.250936329588015,0.07434944237918216,0.07434944237918216,0.26591760299625467,0.19706779165448393,0.08699024686662418,2.1160157146525296,1.992878512943282,2.650570676229257,1.992878512943282,2.650570676229257,2.25315496794169,0.28547635804794497
356,,,,,,,,,,,1.9199938964568386,1.9385564694037805,2.6124505587855285,1.9199938964568386,2.6124505587855285,2.1570003082153826,0.32214110814663105,0.2546816479400749,0.2883895131086142,0.07434944237918216,0.07434944237918216,0.2883895131086142,0.20580686780929044,0.09396753364536592,2.1222402424401556,1.9776977956964727,2.650570676229257,1.9776977956964727,2.650570676229257,2.250169571455295,0.28921031938230185
357,,,,,,,,,,,1.9412399790858397,1.9034365598972027,2.6124505587855285,1.9034365598972027,2.6124505587855285,2.1523756992561904,0.32568792005414543,0.25842696629213485,0.30711610486891383,0.07434944237918216,0.07434944237918216,0.30711610486891383,0.2132975045134103,0.100241644812191,2.173943524950006,1.9539763159519725,2.650570676229257,1.9539763159519725,2.650570676229257,2.259496839043745,0.2907466856868665
358,,,,,,,,,,,1.9249982275104613,1.9018602334536039,2.6124505587855285,1.9018602334536039,2.6124505587855285,2.1464363399165314,0.32965717630421765,0.20599250936329588,0.29213483146067415,0.07434944237918216,0.07434944237918216,0.29213483146067415,0.19082559440105074,0.0895549939290497,2.3263325709082214,2.0010735863603455,2.650570676229257,2.0010735863603455,2.650570676229257,2.325992277832608,0.26515618578060646
359,,,,,,,,,,,1.8781691249226926,1.9085162181120652,2.6124505587855285,1.8781691249226926,2.6124505587855285,2.1330453006067622,0.3392170275731535,0.24719101123595505,0.25842696629213485,0.07434944237918216,0.07434944237918216,0.25842696629213485,0.19332247330242402,0.08425160032823559,2.1615746941012834,2.0004203551717463,2.650570676229257,2.0004203551717463,2.650570676229257,2.2708552418340955,0.2764423250003319
360,,,,,,,,,,,1.9080534545817665,1.895695081123939,2.6124505587855285,1.895695081123939,2.6124505587855285,2.1387330314970776,0.33500686967468163,0.2546816479400749,0.33707865168539325,0.07434944237918216,0.07434944237918216,0.33707865168539325,0.22203658066821677,0.10971458325599451,2.110440070263009,1.9555458584974768,2.650570676229257,1.9555458584974768,2.650570676229257,2.2388522016632475,0.29791736095080434
361,,,,,,,,,,,1.8625637323840292,1.8970877427321213,2.6124505587855285,1.8625637323840292,2.6124505587855285,2.12403401130056,0.3456501311205512,0.2808988764044944,0.32209737827715357,0.07434944237918216,0.07434944237918216,0.32209737827715357,0.2257818990202767,0.10839179191681017,2.110168590974272,1.9588664872815993,2.650570676229257,1.9588664872815993,2.650570676229257,2.239868584828376,0.296906536984565
362,,,,,,,,,,,1.9132046655924764,1.9376900856311505,2.6124505587855285,1.9132046655924764,2.6124505587855285,2.154448436669718,0.3240106395841106,0.24719101123595505,0.3295880149812734,0.07434944237918216,0.07434944237918216,0.3295880149812734,0.2170428228654702,0.10635903717285437,2.1493565571888555,1.9374969746736106,2.650570676229257,1.9374969746736106,2.650570676229257,2.245808069363908,0.29899353015654423
363,,,,,,,,,,,1.895062964850601,1.9055511272870578,2.6124505587855285,1.895062964850601,2.6124505587855285,2.137688216974396,0.33573497612384334,0.2696629213483146,0.26217228464419473,0.07434944237918216,0.07434944237918216,0.2696629213483146,0.2020615494572305,0.09035785938992594,2.096784934568941,1.9894190557887046,2.650570676229257,1.9894190557887046,2.650570676229257,2.245591555528968,0.28969860675530573
364,,,,,,,,,,,1.9114419056660172,1.9004091097758367,2.6124505587855285,1.9004091097758367,2.6124505587855285,2.141433858075794,0.33308955743353386,0.24344569288389514,0.3445692883895131,0.07434944237918216,0.07434944237918216,0.3445692883895131,0.22078814121753013,0.11147410694894501,2.188330661937985,1.989239128341389,2.650570676229257,1.989239128341389,2.650570676229257,2.276046822169544,0.2770203935119425
365,,,,,,,,,,,1.885418349326632,1.904169170673077,2.6124505587855285,1.885418349326632,2.6124505587855285,2.1340126929284122,0.338393254404522,0.23595505617977527,0.33707865168539325,0.07434944237918216,0.07434944237918216,0.33707865168539325,0.21579438341478355,0.10820196825202867,2.184216024277362,1.970785300829884,2.650570676229257,1.970785300829884,2.650570676229257,2.268524000445501,0.2838519746697708
366,,,,,,,,,,,1.9446575871101357,1.9002856272917528,2.6124505587855285,1.9002856272917528,2.6124505587855285,2.1524645910624725,0.3257632428427312,0.24719101123595505,0.25842696629213485,0.07434944237918216,0.07434944237918216,0.25842696629213485,0.19332247330242402,0.08425160032823559,2.16051113918033,1.990123166573628,2.650570676229257,1.990123166573628,2.650570676229257,2.2670683273277383,0.27995660855686455
367,,,,,,,,,,,1.8672209540964664,1.9190139000232402,2.6124505587855285,1.8672209540964664,2.6124505587855285,2.1328951376350784,0.3397554795025707,0.24344569288389514,0.31835205992509363,0.07434944237918216,0.07434944237918216,0.31835205992509363,0.21204906506272367,0.10205759981899097,2.1234450090244024,1.9423503000638012,2.650570676229257,1.9423503000638012,2.650570676229257,2.238788661772487,0.30041320873749655
368,,,,,,,,,,,1.893375761125728,1.9339384849254901,2.6124505587855285,1.893375761125728,2.6124505587855285,2.1465882682789155,0.3298303492479781,0.27715355805243447,0.3146067415730337,0.07434944237918216,0.07434944237918216,0.3146067415730337,0.22203658066821677,0.10554399825336745,2.1420208479134777,1.9385783449094394,2.650570676229257,1.9385783449094394,2.650570676229257,2.2437232896840578,0.2994336987950544
369,,,,,,,,,,,1.8852575117860193,1.8505838119066678,2.6124505587855285,1.8505838119066678,2.6124505587855285,2.116097294159405,0.3512601019611048,0.26217228464419473,0.31835205992509363,0.07434944237918216,0.07434944237918216,0.31835205992509363,0.21829126231615684,0.10433432619142947,2.1401780705326954,1.9159284379151877,2.650570676229257,1.9159284379151877,2.650570676229257,2.2355590615590466,0.30740630514641165
370,,,,,,,,,,,1.8948414470279755,1.8812794520304754,2.6124505587855285,1.8812794520304754,2.6124505587855285,2.1295238192813266,0.34152565420789655,0.2696629213483146,0.2883895131086142,0.07434944237918216,0.07434944237918216,0.2883895131086142,0.21080062561203702,0.09678796538128703,2.1616973876953125,1.9746401667148432,2.650570676229257,1.9746401667148432,2.650570676229257,2.262302743546471,0.2849696962164661
371,,,,,,,,,,,1.8729453093737105,1.9061494662211491,2.6124505587855285,1.8729453093737105,2.6124505587855285,2.1305151114601295,0.34104932248335845,0.26217228464419473,0.2958801498127341,0.07434944237918216,0.07434944237918216,0.2958801498127341,0.21080062561203702,0.09746195530492809,2.191630995675419,1.9576656470138036,2.650570676229257,1.9576656470138036,2.650570676229257,2.266622439639493,0.2878044849996606
372,,,,,,,,,,,1.8892200569101432,1.9048574887789214,2.6124505587855285,1.8892200569101432,2.6124505587855285,2.1355093681581976,0.33730876735974374,0.2696629213483146,0.3258426966292135,0.07434944237918216,0.07434944237918216,0.3258426966292135,0.22328502011890342,0.10778186775505266,2.121697308865379,1.9594647812932617,2.650570676229257,1.9594647812932617,2.650570676229257,2.243910922129299,0.2950807403114025
373,,,,,,,,,,,1.854312522234655,1.880477791566115,2.6124505587855285,1.854312522234655,2.6124505587855285,2.115746957528766,0.35138488485408176,0.2546816479400749,0.30337078651685395,0.07434944237918216,0.07434944237918216,0.30337078651685395,0.21080062561203702,0.09851176616043317,2.1947090340017827,1.925367933087581,2.650570676229257,1.925367933087581,2.650570676229257,2.256882547772874,0.29930910892257184
374,,,,,,,,,,,1.8644995923450753,1.8905023611508882,2.6124505587855285,1.8644995923450753,2.6124505587855285,2.1224841707604973,0.3466211496164207,0.27340823970037453,0.31835205992509363,0.07434944237918216,0.07434944237918216,0.31835205992509363,0.22203658066821677,0.10603019964802887,2.1087370534961143,1.9126540578706435,2.650570676229257,1.9126540578706435,2.650570676229257,2.2239872625320047,0.31208139101262816
375,,,,,,,,,,,1.8305410659577093,1.899394394801213,2.6124505587855285,1.8305410659577093,2.6124505587855285,2.1141286731814835,0.3534861821695307,0.2958801498127341,0.3333333333333333,0.07434944237918216,0.07434944237918216,0.3333333333333333,0.2345209751750832,0.11428582641079693,2.128279135021824,1.9496462925543052,2.650570676229257,1.9496462925543052,2.650570676229257,2.2428320346017956,0.29739482511655785
376,,,,,,,,,,,1.8691324530253626,1.8663978576660156,2.6124505587855285,1.8663978576660156,2.6124505587855285,2.115993623158969,0.3510498409074608,0.27340823970037453,0.3333333333333333,0.07434944237918216,0.07434944237918216,0.3333333333333333,0.22703033847096332,0.11069882936831107,2.089712070615104,1.9195568454399536,2.650570676229257,1.9195568454399536,2.650570676229257,2.2199465307614386,0.3123204189701323
377,,,,,,,,,,,1.8657928076469634,1.8733643128321722,2.6124505587855285,1.8657928076469634,2.6124505587855285,2.117202559754888,0.35020686013705515,0.21722846441947566,0.35580524344569286,0.07434944237918216,0.07434944237918216,0.35580524344569286,0.21579438341478355,0.11490832412476717,2.2111498764838173,1.9107214324036788,2.650570676229257,1.9107214324036788,2.650570676229257,2.2574806617055843,0.30381368428887373
378,,,,,,,,,,,1.8961618429657585,1.8803712643109836,2.6124505587855285,1.8803712643109836,2.6124505587855285,2.1296612220207565,0.3414444741231866,0.21722846441947566,0.299625468164794,0.07434944237918216,0.07434944237918216,0.299625468164794,0.19706779165448396,0.09306686303653851,2.3020334681321617,1.937606829382507,2.650570676229257,1.937606829382507,2.650570676229257,2.2967369912479754,0.29109036538294836
379,,,,,,,,,,,1.879483902993629,1.8467877883177537,2.6124505587855285,1.8467877883177537,2.6124505587855285,2.1129074166989703,0.3534824579174171,0.2397003745318352,0.2883895131086142,0.07434944237918216,0.07434944237918216,0.2883895131086142,0.20081311000654387,0.09160586762924472,2.2082363326897783,1.97227262021897,2.650570676229257,1.97227262021897,2.650570676229257,2.2770265430460017,0.28115373372050834
380,,,,,,,,,,,1.8481772922345143,1.891680048062251,2.6124505587855285,1.8481772922345143,2.6124505587855285,2.1174359663607647,0.3504784420153335,0.26591760299625467,0.31835205992509363,0.07434944237918216,0.07434944237918216,0.31835205992509363,0.21953970176684348,0.10487294418850476,2.1863633443353776,1.9131914810294963,2.650570676229257,1.9131914810294963,2.650570676229257,2.25004183386471,0.3043826888418752
381,,,,,,,,,,,1.8450168684426125,1.865679801427401,2.6124505587855285,1.8450168684426125,2.6124505587855285,2.1077157428851803,0.3570010877540403,0.2808988764044944,0.3333333333333333,0.07434944237918216,0.07434944237918216,0.3333333333333333,0.2295272173723366,0.11179579436700685,2.1127644513876698,1.9092153056284016,2.650570676229257,1.9092153056284016,2.650570676229257,2.224183477748443,0.3127433409427715
382,,,,,,,,,,,1.8737710912831136,1.808822510792659,2.6124505587855285,1.808822510792659,2.6124505587855285,2.0983480536204335,0.3644910779792385,0.2397003745318352,0.352059925093633,0.07434944237918216,0.07434944237918216,0.352059925093633,0.22203658066821677,0.11406075942997992,2.179656552911251,1.8577485638164848,2.650570676229257,1.8577485638164848,2.650570676229257,2.2293252643189976,0.32556818144319344
383,,,,,,,,,,,1.8694894342495916,1.8252737008608304,2.6124505587855285,1.8252737008608304,2.6124505587855285,2.1024045646319833,0.36110842774604884,0.20224719101123595,0.3295880149812734,0.07434944237918216,0.07434944237918216,0.3295880149812734,0.2020615494572305,0.10420079360887222,2.2040731603286687,1.885664595200328,2.650570676229257,1.885664595200328,2.650570676229257,2.2467694772527516,0.3137276523865033
384,,,,,,,,,,,1.8441667433996631,1.8578382143607506,2.6124505587855285,1.8441667433996631,2.6124505587855285,2.1048185055153144,0.35899345714563313,0.250936329588015,0.33707865168539325,0.07434944237918216,0.07434944237918216,0.33707865168539325,0.22078814121753013,0.1093567382535507,2.1134391491779225,1.868734603517511,2.650570676229257,1.868734603517511,2.650570676229257,2.2109148096415634,0.3265404920633366
385,,,,,,,,,,,1.8807470431341589,1.8569435578126174,2.6124505587855285,1.8569435578126174,2.6124505587855285,2.116713719910768,0.35067355336221007,0.24719101123595505,0.32209737827715357,0.07434944237918216,0.07434944237918216,0.32209737827715357,0.21454594396409696,0.10374338612915507,2.1165170535612643,1.9187195470717069,2.650570676229257,1.9187195470717069,2.650570676229257,2.2286024256207426,0.3091104083059203
386,,,,,,,,,,,1.8221926465415403,1.9115939763876109,2.6124505587855285,1.8221926465415403,2.6124505587855285,2.115412393904893,0.35334907429291845,0.26591760299625467,0.3295880149812734,0.07434944237918216,0.07434944237918216,0.3295880149812734,0.2232850201189034,0.10847376050788785,2.125381926918744,1.8815520952703355,2.650570676229257,1.8815520952703355,2.650570676229257,2.219168232806112,0.3208782716690943
387,,,,,,,,,,,1.8141158355670668,1.8270809467022235,2.6124505587855285,1.8141158355670668,2.6124505587855285,2.0845491136849397,0.3733202158390339,0.26591760299625467,0.299625468164794,0.07434944237918216,0.07434944237918216,0.299625468164794,0.2132975045134103,0.09921014068362871,2.1277827243233443,1.903704586100489,2.650570676229257,1.903704586100489,2.650570676229257,2.227352662217697,0.3129300971412755
388,,,,,,,,,,,1.8673329030928185,1.8476280414141142,2.6124505587855285,1.8476280414141142,2.6124505587855285,2.1091371677641537,0.3559872166052415,0.25842696629213485,0.3333333333333333,0.07434944237918216,0.07434944237918216,0.3333333333333333,0.22203658066821677,0.10881592735082798,2.2002754890070424,1.8530640637829956,2.650570676229257,1.8530640637829956,2.650570676229257,2.2346367430064316,0.3264860599945893
389,,,,,,,,,,,1.8715954545143134,1.8109123578438393,2.6124505587855285,1.8109123578438393,2.6124505587855285,2.0983194570478934,0.3643887135883374,0.23595505617977527,0.3408239700374532,0.07434944237918216,0.07434944237918216,0.3408239700374532,0.2170428228654702,0.10960663878730369,2.1940591844280113,1.876178860217891,2.650570676229257,1.876178860217891,2.650570676229257,2.2402695736250533,0.3178282777734458
390,,,,,,,,,,,1.852134927404512,1.840226985858037,2.6124505587855285,1.840226985858037,2.6124505587855285,2.101604157349359,0.3612556658500841,0.21722846441947566,0.3295880149812734,0.07434944237918216,0.07434944237918216,0.3295880149812734,0.2070553072599771,0.10444871813776092,2.2030838330586753,1.8971700489744265,2.650570676229257,1.8971700489744265,2.650570676229257,2.2502748527541194,0.3093793470179879
391,,,,,,,,,,,1.8259284007537813,1.84378997362577,2.6124505587855285,1.8259284007537813,2.6124505587855285,2.0940563110550268,0.36663260993935975,0.30711610486891383,0.3333333333333333,0.07434944237918216,0.07434944237918216,0.3333333333333333,0.23826629352714312,0.11639984631944603,2.066255299786057,1.8632604504345955,2.650570676229257,1.8632604504345955,2.650570676229257,2.19336214214997,0.3337478688491296
392,,,,,,,,,,,1.8254269851412879,1.8249248522978563,2.6124505587855285,1.8249248522978563,2.6124505587855285,2.087600798741558,0.3711248810468057,0.2846441947565543,0.29213483146067415,0.07434944237918216,0.07434944237918216,0.29213483146067415,0.2170428228654702,0.10094578754794313,2.0655192587706033,1.8937647673074671,2.650570676229257,1.8937647673074671,2.650570676229257,2.203284900769109,0.3239581506215266
393,,,,,,,,,,,1.8442505577416002,1.8417807340621948,2.6124505587855285,1.8417807340621948,2.6124505587855285,2.0994939501964414,0.362716497859017,0.2209737827715356,0.32209737827715357,0.07434944237918216,0.07434944237918216,0.32209737827715357,0.20580686780929044,0.10170967314708508,2.280681381511331,1.8467413370082442,2.650570676229257,1.8467413370082442,2.650570676229257,2.2593311315829445,0.3285090323741759
394,,,,,,,,,,,1.8513523224343236,1.8582652128659762,2.6124505587855285,1.8513523224343236,2.6124505587855285,2.107356031361943,0.3571669154503457,0.2958801498127341,0.3595505617977528,0.07434944237918216,0.07434944237918216,0.3595505617977528,0.2432600513298897,0.12223358977155073,2.09585334567095,1.8409985969129126,2.650570676229257,1.8409985969129126,2.650570676229257,2.1958075396043735,0.3379791596788257
395,,,,,,,,,,,1.826481904285934,1.8208380955916184,2.6124505587855285,1.8208380955916184,2.6124505587855285,2.0865901862210268,0.37184657384410735,0.30337078651685395,0.3333333333333333,0.07434944237918216,0.07434944237918216,0.3333333333333333,0.23701785407645648,0.11567251957146918,2.0693011882153343,1.8928564094872065,2.650570676229257,1.8928564094872065,2.650570676229257,2.204242757977266,0.3237176217461463
396,,,,,,,,,,,1.8272424948915367,1.8302185902228723,2.6124505587855285,1.8272424948915367,2.6124505587855285,2.089970547966646,0.3694511565054575,0.2883895131086142,0.3146067415730337,0.07434944237918216,0.07434944237918216,0.3146067415730337,0.22578189902027668,0.10761250689505263,2.058669797490152,1.8793088309327315,2.650570676229257,1.8793088309327315,2.650570676229257,2.1961831015507136,0.3295387079922375
397,,,,,,,,,,,1.842690296306188,1.8590930425203764,2.6124505587855285,1.842690296306188,2.6124505587855285,2.1047446325373644,0.35906475106074437,0.22846441947565543,0.31086142322097376,0.07434944237918216,0.07434944237918216,0.31086142322097376,0.2045584283586038,0.0980241520541185,2.2242732137330017,1.8494721369796925,2.650570676229257,1.8494721369796925,2.650570676229257,2.241438675647317,0.32727226912668644
398,,,,,,,,,,,1.8096839573890457,1.8218600639930138,2.6124505587855285,1.8096839573890457,2.6124505587855285,2.081331526722529,0.3755907649358635,0.2546816479400749,0.3258426966292135,0.07434944237918216,0.07434944237918216,0.3258426966292135,0.2182912623161569,0.10584708894662094,2.1482743752583136,1.8751058712434232,2.650570676229257,1.8751058712434232,2.650570676229257,2.2246503075769977,0.3211555990700775
399,,,,,,,,,,,1.8220308819450475,1.867167329788208,2.6124505587855285,1.8220308819450475,2.6124505587855285,2.100549590172928,0.3624373748027499,0.3295880149812734,0.3595505617977528,0.07434944237918216,0.07434944237918216,0.3595505617977528,0.25449600638606945,0.1279688163721878,1.9767649294285292,1.842404444119457,2.650570676229257,1.842404444119457,2.650570676229257,2.1565800165924145,0.3535847506699109
400,,,,,,,,,,,1.8551628129544226,1.8188998057292058,2.6124505587855285,1.8188998057292058,2.6124505587855285,2.095504392489719,0.3658358061199997,0.2808988764044944,0.3595505617977528,0.07434944237918216,0.07434944237918216,0.3595505617977528,0.23826629352714312,0.1202721150045377,2.053387300798509,1.8443353193976013,2.650570676229257,1.8443353193976013,2.650570676229257,2.182764432141789,0.34162132470259043
401,,,,,,,,,,,1.831854635758166,1.8398759933618398,2.6124505587855285,1.831854635758166,2.6124505587855285,2.094727062635178,0.3661004410395758,0.26591760299625467,0.2883895131086142,0.07434944237918216,0.07434944237918216,0.2883895131086142,0.20955218616135038,0.09604194615095517,2.1678194169248086,1.9145845804321633,2.650570676229257,1.9145845804321633,2.650570676229257,2.2443248911954097,0.3052962484720805
402,,,,,,,,,,,1.829072728079024,1.827680646456205,2.6124505587855285,1.827680646456205,2.6124505587855285,2.0897346444402523,0.3696164045828906,0.2546816479400749,0.32209737827715357,0.07434944237918216,0.07434944237918216,0.32209737827715357,0.21704282286547025,0.1045857568383441,2.1500177204832154,1.873543151755458,2.650570676229257,1.873543151755458,2.650570676229257,2.2247105161559766,0.32158690245046756
403,,,,,,,,,,,1.8352860074644484,1.8188546694242038,2.6124505587855285,1.8188546694242038,2.6124505587855285,2.0888637452247267,0.3702925516565817,0.30337078651685395,0.34831460674157305,0.07434944237918216,0.07434944237918216,0.34831460674157305,0.24201161187920306,0.11996649269744245,2.110260066914648,1.8280073882042245,2.650570676229257,1.8280073882042245,2.650570676229257,2.1962793771160434,0.3412741634886152
404,,,,,,,,,,,1.8364205533661901,1.8527657362130971,2.6124505587855285,1.8364205533661901,2.6124505587855285,2.100545616121605,0.3620329579779448,0.27715355805243447,0.29213483146067415,0.07434944237918216,0.07434944237918216,0.29213483146067415,0.21454594396409696,0.09932238395152043,2.127865404671944,1.8853740495688907,2.650570676229257,1.8853740495688907,2.650570676229257,2.2212700434900303,0.31929588083537186
405,,,,,,,,,,,1.8260752929874746,1.8428249194071844,2.6124505587855285,1.8260752929874746,2.6124505587855285,2.093783590393396,0.3668166713515205,0.22846441947565543,0.34831460674157305,0.07434944237918216,0.07434944237918216,0.34831460674157305,0.21704282286547025,0.11213702175723031,2.171485040071752,1.8522484945447257,2.650570676229257,1.8522484945447257,2.650570676229257,2.2247680702819115,0.3280842243730209
406,,,,,,,,,,,1.8407964241745611,1.7618753910064697,2.6124505587855285,1.7618753910064697,2.6124505587855285,2.0717074579888535,0.38371817623831017,0.31086142322097376,0.3408239700374532,0.07434944237918216,0.07434944237918216,0.3408239700374532,0.24201161187920306,0.11918442533603883,2.0023221844591004,1.8796720201156558,2.650570676229257,1.8796720201156558,2.650570676229257,2.1775216269346713,0.33822311963382223
407,,,,,,,,,,,1.817120368946505,1.76464547927563,2.6124505587855285,1.76464547927563,2.6124505587855285,2.064738802335888,0.3878827396919121,0.29213483146067415,0.3258426966292135,0.07434944237918216,0.07434944237918216,0.3258426966292135,0.23077565682302326,0.11146277545284802,2.085934588971656,1.8278333131740157,2.650570676229257,1.8278333131740157,2.650570676229257,2.1881128594583097,0.34356415350606245
408,,,,,,,,,,,1.8125002529898782,1.810962203832773,2.6124505587855285,1.810962203832773,2.6124505587855285,2.078637671869393,0.37746323448083996,0.2883895131086142,0.30711610486891383,0.07434944237918216,0.07434944237918216,0.30711610486891383,0.2232850201189034,0.10559048583162418,2.0878874773389837,1.851976783088084,2.650570676229257,1.851976783088084,2.650570676229257,2.196811645552108,0.3349989127905588
409,,,,,,,,,,,1.8034397753760492,1.8414947014588576,2.6124505587855285,1.8034397753760492,2.6124505587855285,2.0857950118734787,0.3727256302516324,0.2846441947565543,0.30337078651685395,0.07434944237918216,0.07434944237918216,0.30337078651685395,0.22078814121753013,0.1038296383435883,2.059645463464858,1.8475823714938504,2.650570676229257,1.8475823714938504,2.650570676229257,2.1859328370626554,0.3397635745957599
410,,,,,,,,,,,1.846567054226263,1.8141618967056274,2.6124505587855285,1.8141618967056274,2.6124505587855285,2.091059836572473,0.36891619415604676,0.2808988764044944,0.3258426966292135,0.07434944237918216,0.07434944237918216,0.3258426966292135,0.22703033847096335,0.1095097522830423,2.097921573267447,1.82059082645602,2.650570676229257,1.82059082645602,2.650570676229257,2.189694358650908,0.34499596216012
411,,,,,,,,,,,1.8340783617149992,1.8403087249168983,2.6124505587855285,1.8340783617149992,2.6124505587855285,2.0956125484724755,0.36546851303924355,0.2883895131086142,0.29213483146067415,0.07434944237918216,0.07434944237918216,0.29213483146067415,0.21829126231615684,0.10179372114711825,2.058243219772082,1.9338279931286302,2.650570676229257,1.9338279931286302,2.650570676229257,2.214213963043323,0.31270345165135716
412,,,,,,,,,,,1.814996191810483,1.828895592689514,2.6124505587855285,1.814996191810483,2.6124505587855285,2.085447447761842,0.3726906738907232,0.2958801498127341,0.3295880149812734,0.07434944237918216,0.07434944237918216,0.3295880149812734,0.23327253572439655,0.11321503799514708,2.078031305070227,1.887893811593788,2.650570676229257,1.887893811593788,2.650570676229257,2.2054985976310904,0.3241449603363131
413,,,,,,,,,,,1.7829289779396902,1.8100852196033184,2.6124505587855285,1.7829289779396902,2.6124505587855285,2.0684882521095123,0.3847991759160809,0.26591760299625467,0.3408239700374532,0.07434944237918216,0.07434944237918216,0.3408239700374532,0.22703033847096332,0.11220912909791743,2.1024925561433427,1.844581813847974,2.650570676229257,1.844581813847974,2.650570676229257,2.199215015406858,0.33607631788544257
414,,,,,,,,,,,1.8445543443158456,1.7431925773620605,2.6124505587855285,1.7431925773620605,2.6124505587855285,2.0667324934878115,0.388093379694639,0.2247191011235955,0.352059925093633,0.07434944237918216,0.07434944237918216,0.352059925093633,0.21704282286547025,0.1135046900302522,2.157822277662013,1.8009179388539176,2.650570676229257,1.8009179388539176,2.650570676229257,2.2031036309150624,0.34834393372706857
415,,,,,,,,,,,1.7865893583784205,1.8333727763249323,2.6124505587855285,1.7865893583784205,2.6124505587855285,2.077470897829627,0.3787695871952216,0.31086142322097376,0.3408239700374532,0.07434944237918216,0.07434944237918216,0.3408239700374532,0.24201161187920306,0.11918442533603883,2.049438900715403,1.8647588290525285,2.650570676229257,1.8647588290525285,2.650570676229257,2.1882561353323964,0.3354874396663831
416,,,,,,,,,,,1.812602271244317,1.797173184614915,2.6124505587855285,1.797173184614915,2.6124505587855285,2.07407533821492,0.38074087668815104,0.30337078651685395,0.2958801498127341,0.07434944237918216,0.07434944237918216,0.30337078651685395,0.22453345956959006,0.10624015773753612,2.0451396748367765,1.9448844966816992,2.650570676229257,1.9448844966816992,2.650570676229257,2.2135316159159113,0.3117318616657656
417,,,,,,,,,,,1.8144362561397533,1.7930309258974515,2.6124505587855285,1.7930309258974515,2.6124505587855285,2.073305913607578,0.38133297642064234,0.24719101123595505,0.33707865168539325,0.07434944237918216,0.07434944237918216,0.33707865168539325,0.21953970176684348,0.10902631346662497,2.1782892161094294,1.8274313358778365,2.650570676229257,1.8274313358778365,2.650570676229257,2.2187637427388407,0.3372617518465929
418,,,,,,,,,,,1.8310448288114398,1.791532775071951,2.6124505587855285,1.791532775071951,2.6124505587855285,2.07834272088964,0.37801559709800664,0.25842696629213485,0.352059925093633,0.07434944237918216,0.07434944237918216,0.352059925093633,0.22827877792165,0.11536164295781623,2.166656771849157,1.7882343401176652,2.650570676229257,1.7882343401176652,2.650570676229257,2.20182059606536,0.3529243167637334
419,,,,,,,,,,,1.806234185459295,1.8369809022316566,2.6124505587855285,1.806234185459295,2.6124505587855285,2.0852218821588266,0.3730182285458513,0.2808988764044944,0.3408239700374532,0.07434944237918216,0.07434944237918216,0.3408239700374532,0.2320240962737099,0.1141453067287454,2.088109203045734,1.8176119666867487,2.650570676229257,1.8176119666867487,2.650570676229257,2.18543061532058,0.34694730235398197
420,,,,,,,,,,,1.8527693406564898,1.777555385002723,2.6124505587855285,1.777555385002723,2.6124505587855285,2.080925094814914,0.3770974886490712,0.27715355805243447,0.299625468164794,0.07434944237918216,0.07434944237918216,0.299625468164794,0.21704282286547025,0.10131566944284555,2.051641282963842,1.8733818379234286,2.650570676229257,1.8733818379234286,2.650570676229257,2.191864599038843,0.3324179661962662
421,,,,,,,,,,,1.7924161603292441,1.7998192347013033,2.6124505587855285,1.7924161603292441,2.6124505587855285,2.0682286512720256,0.3848348692108227,0.31086142322097376,0.33707865168539325,0.07434944237918216,0.07434944237918216,0.33707865168539325,0.24076317242851641,0.11815803803603715,2.0298197028342257,1.8171103456047144,2.650570676229257,1.8171103456047144,2.650570676229257,2.1658335748893993,0.35359002693776476
422,,,,,,,,,,,1.8318992821038973,1.8239611809070293,2.6124505587855285,1.8239611809070293,2.6124505587855285,2.089437007265485,0.3698406275391783,0.26217228464419473,0.3445692883895131,0.07434944237918216,0.07434944237918216,0.3445692883895131,0.22703033847096332,0.11308082236493054,2.150876847992229,1.8048545108752305,2.650570676229257,1.8048545108752305,2.650570676229257,2.202100678365572,0.3471568989029481
423,,,,,,,,,,,1.7721593287039308,1.7890874825991117,2.6124505587855285,1.7721593287039308,2.6124505587855285,2.0578991233628567,0.3921879749096376,0.24719101123595505,0.3146067415730337,0.07434944237918216,0.07434944237918216,0.3146067415730337,0.21204906506272367,0.10118336404637769,2.1518883714068693,1.8511848119314245,2.650570676229257,1.8511848119314245,2.650570676229257,2.2178812865225166,0.3296672450051153
424,,,,,,,,,,,1.8385638011201744,1.7462831625571618,2.6124505587855285,1.7462831625571618,2.6124505587855285,2.065765840820955,0.3883959017166233,0.26591760299625467,0.3408239700374532,0.07434944237918216,0.07434944237918216,0.3408239700374532,0.22703033847096332,0.11220912909791743,2.0750972362939786,1.8041276931762695,2.650570676229257,1.8041276931762695,2.650570676229257,2.1765985352331683,0.35293372008038293
425,,,,,,,,,,,1.7271739011549743,1.742342185974121,2.6124505587855285,1.7271739011549743,2.6124505587855285,2.0273222153048747,0.4137945568954069,0.2808988764044944,0.3295880149812734,0.07434944237918216,0.07434944237918216,0.3295880149812734,0.22827877792164997,0.11064459109914782,2.0353308036532742,1.7969432743301106,2.650570676229257,1.7969432743301106,2.650570676229257,2.160948251404214,0.359633834803185
426,,,,,,,,,,,1.7826099634400001,1.7789925538576565,2.6124505587855285,1.7789925538576565,2.6124505587855285,2.0580176920277284,0.39204602129424887,0.27715355805243447,0.3445692883895131,0.07434944237918216,0.07434944237918216,0.3445692883895131,0.2320240962737099,0.11483957661244885,2.1037510414695024,1.8141930112231537,2.650570676229257,1.8141930112231537,2.650570676229257,2.189504909640638,0.346792151064582
427,,,,,,,,,,,1.8170564564749871,1.7808462894879855,2.6124505587855285,1.7808462894879855,2.6124505587855285,2.0701177682495007,0.38377201202124606,0.2958801498127341,0.352059925093633,0.07434944237918216,0.07434944237918216,0.352059925093633,0.24076317242851641,0.11988658237226436,2.056722824939628,1.7925769264778395,2.650570676229257,1.7925769264778395,2.650570676229257,2.1666234758822416,0.35879142823403887
428,,,,,,,,,,,1.7949894360330267,1.7440309047698974,2.6124505587855285,1.7440309047698974,2.6124505587855285,2.0504902998628176,0.39791011751691197,0.27715355805243447,0.35580524344569286,0.07434944237918216,0.07434944237918216,0.35580524344569286,0.23576941462576984,0.11857157468203716,2.1039491548073874,1.7656003866302834,2.650570676229257,1.7656003866302834,2.650570676229257,2.173373405888976,0.3646074586427641
429,,,,,,,,,,,1.7651739810038576,1.7679612453167255,2.6124505587855285,1.7651739810038576,2.6124505587855285,2.048528595035371,0.39875466819458744,0.299625468164794,0.33707865168539325,0.07434944237918216,0.07434944237918216,0.33707865168539325,0.23701785407645648,0.11603575415087188,2.027139987838402,1.776334170545085,2.650570676229257,1.776334170545085,2.650570676229257,2.151348278204248,0.3675532990959022
430,,,,,,,,,,,1.7611353473094247,1.7400504607420701,2.6124505587855285,1.7400504607420701,2.6124505587855285,2.037878788945674,0.4063747713076902,0.2883895131086142,0.33707865168539325,0.07434944237918216,0.07434944237918216,0.33707865168539325,0.23327253572439655,0.11412002527352795,2.068309435237213,1.7866388260202015,2.650570676229257,1.7866388260202015,2.650570676229257,2.1685063124955573,0.359744465892716
431,,,,,,,,,,,1.7774447134989058,1.7840068597059984,2.6124505587855285,1.7774447134989058,2.6124505587855285,2.057967377330144,0.39208797000024903,0.3146067415730337,0.33707865168539325,0.07434944237918216,0.07434944237918216,0.33707865168539325,0.24201161187920306,0.11890948657729764,2.0384053835708102,1.7739695011453236,2.650570676229257,1.7739695011453236,2.650570676229257,2.154315186981797,0.3671364114646521
432,,,,,,,,,,,1.7976657652418928,1.7620939364800086,2.6124505587855285,1.7620939364800086,2.6124505587855285,2.0574034201691433,0.3927461719016017,0.29213483146067415,0.36329588014981273,0.07434944237918216,0.07434944237918216,0.36329588014981273,0.2432600513298897,0.12292021551860001,2.0554303899686435,1.7962040883325012,2.650570676229257,1.7962040883325012,2.650570676229257,2.1674017181768006,0.35766721067132634
433,,,,,,,,,,,1.7708159231933065,1.812609159029447,2.6124505587855285,1.7708159231933065,2.6124505587855285,2.065291880336094,0.3872756410209766,0.30711610486891383,0.32209737827715357,0.07434944237918216,0.07434944237918216,0.32209737827715357,0.2345209751750832,0.11342339434430156,2.0375645044591097,1.8062875833404197,2.650570676229257,1.8062875833404197,2.650570676229257,2.164807588009596,0.35622706893970707
434,,,,,,,,,,,1.7672790517247101,1.7675770649543174,2.6124505587855285,1.7672790517247101,2.6124505587855285,2.049102225154852,0.39834744545962736,0.30711610486891383,0.34831460674157305,0.07434944237918216,0.07434944237918216,0.34831460674157305,0.2432600513298897,0.12061626341753422,2.0392889887206116,1.7836214549532543,2.650570676229257,1.7836214549532543,2.650570676229257,2.157827039967708,0.36372030487070817
435,,,,,,,,,,,1.7811773503710147,1.7185334609105036,2.6124505587855285,1.7185334609105036,2.6124505587855285,2.0373871233556824,0.40743468212542394,0.2808988764044944,0.3333333333333333,0.07434944237918216,0.07434944237918216,0.3333333333333333,0.2295272173723366,0.11179579436700685,2.057835211021623,1.7940457277976618,2.650570676229257,1.7940457277976618,2.650570676229257,2.1674838716828475,0.35816743608731094
436,,,,,,,,,,,1.8010678275257952,1.7073166590470534,2.6124505587855285,1.7073166590470534,2.6124505587855285,2.040278348452792,0.406393158657614,0.299625468164794,0.36329588014981273,0.07434944237918216,0.07434944237918216,0.36329588014981273,0.245756930231263,0.12395933609967,1.992743974321344,1.7365205761198694,2.650570676229257,1.7365205761198694,2.650570676229257,2.1266117422234903,0.38497820790257953
437,,,,,,,,,,,1.7818068975548658,1.7865755778092605,2.6124505587855285,1.7818068975548658,2.6124505587855285,2.0602776780498853,0.3904500418258966,0.27340823970037453,0.35580524344569286,0.07434944237918216,0.07434944237918216,0.35580524344569286,0.2345209751750832,0.11814823033007534,2.122237034058303,1.7518681725312708,2.650570676229257,1.7518681725312708,2.650570676229257,2.1748919609396107,0.368778120764518
438,,,,,,,,,,,1.7860539346158906,1.7416443311251126,2.6124505587855285,1.7416443311251126,2.6124505587855285,2.0467162748421774,0.40044517997034607,0.2546816479400749,0.31086142322097376,0.07434944237918216,0.07434944237918216,0.31086142322097376,0.2132975045134103,0.1008925658503343,2.1037840432442083,1.8514632660797918,2.650570676229257,1.8514632660797918,2.650570676229257,2.2019393285177524,0.33353561355003214
439,,,,,,,,,,,1.7554298077097756,1.787560457449693,2.6124505587855285,1.7554298077097756,2.6124505587855285,2.0518136079816656,0.39664714597751904,0.27715355805243447,0.3333333333333333,0.07434944237918216,0.07434944237918216,0.3333333333333333,0.22827877792164997,0.11123465300304669,2.061152603742335,1.7766257533419891,2.650570676229257,1.7766257533419891,2.650570676229257,2.1627830111045268,0.36395190784457776
440,,,,,,,,,,,1.7444398901116056,1.7559289767191961,2.6124505587855285,1.7444398901116056,2.6124505587855285,2.0376064752054432,0.4065032103998196,0.26591760299625467,0.35580524344569286,0.07434944237918216,0.07434944237918216,0.35580524344569286,0.2320240962737099,0.11737665678478891,2.1104722478416527,1.778185309988729,2.650570676229257,1.778185309988729,2.650570676229257,2.1797427446865463,0.3595023023639848
441,,,,,,,,,,,1.7589772587446666,1.7514251672304593,2.6124505587855285,1.7514251672304593,2.6124505587855285,2.0409509949202183,0.40412297810216113,0.2397003745318352,0.34831460674157305,0.07434944237918216,0.07434944237918216,0.34831460674157305,0.22078814121753013,0.11264244980683792,2.1389884868364657,1.78925843095958,2.650570676229257,1.78925843095958,2.650570676229257,2.192939198008434,0.35369262115556777
442,,,,,,,,,,,1.7970273562413897,1.7606020487271823,2.6124505587855285,1.7606020487271823,2.6124505587855285,2.0566933212513665,0.3932609659929634,0.31835205992509363,0.38202247191011235,0.07434944237918216,0.07434944237918216,0.38202247191011235,0.2582413247381294,0.1326037924010802,1.9777916768070465,1.760774090495449,2.650570676229257,1.760774090495449,2.650570676229257,2.1297121478439176,0.3788089783659077
443,,,,,,,,,,,1.7847323371769719,1.7612619124926054,2.6124505587855285,1.7612619124926054,2.6124505587855285,2.052814936151702,0.3958381300475226,0.2397003745318352,0.33707865168539325,0.07434944237918216,0.07434944237918216,0.33707865168539325,0.2170428228654702,0.10844870628182468,2.173025066039982,1.7885294442766169,2.650570676229257,1.7885294442766169,2.650570676229257,2.2040417288486185,0.35260960133027663
444,,,,,,,,,,,1.7868248562725606,1.789348475749676,2.6124505587855285,1.7868248562725606,2.6124505587855285,2.062874630269255,0.3886102315235746,0.299625468164794,0.33707865168539325,0.07434944237918216,0.07434944237918216,0.33707865168539325,0.23701785407645648,0.11603575415087188,2.088632880971673,1.7903745853052604,2.650570676229257,1.7903745853052604,2.650570676229257,2.1765260475020636,0.35663074764830677
445,,,,,,,,,,,1.7708005518495635,1.7765066733727088,2.6124505587855285,1.7708005518495635,2.6124505587855285,2.053252594669267,0.39541953438471567,0.30337078651685395,0.36704119850187267,0.07434944237918216,0.07434944237918216,0.36704119850187267,0.24825380913263628,0.12568618837545464,2.000459279460407,1.78042928824264,2.650570676229257,1.78042928824264,2.650570676229257,2.143819747977435,0.36941456091306185
446,,,,,,,,,,,1.7679022805293783,1.7657958232439481,2.6124505587855285,1.7657958232439481,2.6124505587855285,2.0487162208529512,0.398621300746949,0.31086142322097376,0.34831460674157305,0.07434944237918216,0.07434944237918216,0.34831460674157305,0.24450849078057635,0.1212882559679156,2.058898443586371,1.773143397288376,2.650570676229257,1.773143397288376,2.650570676229257,2.160870839034668,0.3653933355828096
447,,,,,,,,,,,1.7641991963170836,1.7846066896732038,2.6124505587855285,1.7641991963170836,2.6124505587855285,2.053752148258605,0.39514727371808506,0.2958801498127341,0.36329588014981273,0.07434944237918216,0.07434944237918216,0.36329588014981273,0.24450849078057635,0.12342824228101505,2.0477918390924117,1.7700256537855341,2.650570676229257,1.7700256537855341,2.650570676229257,2.156129389702401,0.36755285587402997
448,,,,,,,,,,,1.7179397054310597,1.7645685782799354,2.6124505587855285,1.7179397054310597,2.6124505587855285,2.0316529474988414,0.41112687571521483,0.3258426966292135,0.352059925093633,0.07434944237918216,0.07434944237918216,0.352059925093633,0.2507506880340096,0.12519287884039826,1.9717247566480316,1.7750752847292897,2.650570676229257,1.7750752847292897,2.650570676229257,2.13245690586886,0.37505480753198384
449,,,,,,,,,,,1.732693968998686,1.7368196689165556,2.6124505587855285,1.732693968998686,2.6124505587855285,2.027321398900257,0.4137522250985373,0.3146067415730337,0.3445692883895131,0.07434944237918216,0.07434944237918216,0.3445692883895131,0.24450849078057635,0.12094079782434443,2.011180748207292,1.776002165976535,2.650570676229257,1.776002165976535,2.650570676229257,2.1459178634710283,0.36953401959189214
450,,,,,,,,,,,1.7249703718218468,1.745941580258883,2.6124505587855285,1.7249703718218468,2.6124505587855285,2.0277875036220863,0.41350785075224816,0.2958801498127341,0.3595505617977528,0.07434944237918216,0.07434944237918216,0.3595505617977528,0.2432600513298897,0.12223358977155073,2.062614929363522,1.73190497637688,2.650570676229257,1.73190497637688,2.650570676229257,2.1483635273232196,0.37991339676331054
451,,,,,,,,,,,1.7717863546184214,1.7703086816347562,2.6124505587855285,1.7703086816347562,2.6124505587855285,2.051515198346235,0.39664165592528766,0.2546816479400749,0.3333333333333333,0.07434944237918216,0.07434944237918216,0.3333333333333333,0.22078814121753013,0.1084119959288064,2.1121109469553057,1.7959951988320226,2.650570676229257,1.7959951988320226,2.650570676229257,2.1862256073388617,0.35279318663583925
452,,,,,,,,,,,1.7496937492699205,1.7566524689014142,2.6124505587855285,1.7496937492699205,2.6124505587855285,2.0395989256522875,0.4050772363655218,0.2846441947565543,0.36329588014981273,0.07434944237918216,0.07434944237918216,0.36329588014981273,0.24076317242851641,0.121974502979105,2.011699209499002,1.7560727413227495,2.650570676229257,1.7560727413227495,2.650570676229257,2.1394475423503363,0.37618379045153194
453,,,,,,,,,,,1.786474519216521,1.7171521223508395,2.6124505587855285,1.7171521223508395,2.6124505587855285,2.0386924001176294,0.40669416613739295,0.26591760299625467,0.36329588014981273,0.07434944237918216,0.07434944237918216,0.36329588014981273,0.2345209751750832,0.12003283482444872,2.0500679301858393,1.7428864338871246,2.650570676229257,1.7428864338871246,2.650570676229257,2.1478416801007403,0.37695486076219525
454,,,,,,,,,,,1.8058870326336813,1.7710975628632766,2.6124505587855285,1.7710975628632766,2.6124505587855285,2.0631450514274956,0.38867722865476784,0.2808988764044944,0.3408239700374532,0.07434944237918216,0.07434944237918216,0.3408239700374532,0.2320240962737099,0.1141453067287454,2.0673958665869208,1.7380518297131142,2.650570676229257,1.7380518297131142,2.650570676229257,2.1520061241764306,0.37730786110620634
455,,,,,,,,,,,1.7611999798555347,1.7687892106863168,2.6124505587855285,1.7611999798555347,2.6124505587855285,2.04747991644246,0.3995065866276427,0.2846441947565543,0.38202247191011235,0.07434944237918216,0.07434944237918216,0.38202247191011235,0.2470053696819496,0.12839570122589172,2.0372278958224177,1.754562416326687,2.650570676229257,1.754562416326687,2.650570676229257,2.147453662792787,0.3740053388492046
456,,,,,,,,,,,1.711612177767125,1.697177844781142,2.6124505587855285,1.697177844781142,2.6124505587855285,2.007080193777932,0.42810204906015936,0.299625468164794,0.36704119850187267,0.07434944237918216,0.07434944237918216,0.36704119850187267,0.24700536968194964,0.12514996896738015,2.030767860484034,1.7626941096916626,2.650570676229257,1.7626941096916626,2.650570676229257,2.1480108821349844,0.37183387325169004
457,,,,,,,,,,,1.750659303784485,1.7055884287907528,2.6124505587855285,1.7055884287907528,2.6124505587855285,2.0228994304535886,0.4172814762493638,0.2696629213483146,0.3707865168539326,0.07434944237918216,0.07434944237918216,0.3707865168539326,0.23826629352714312,0.12303941363019426,2.118413565310646,1.735067369339618,2.650570676229257,1.735067369339618,2.650570676229257,2.168017203626507,0.37539487381697534
458,,,,,,,,,,,1.7022872609628634,1.7597279236866878,2.6124505587855285,1.7022872609628634,2.6124505587855285,2.02482191447836,0.41617738617184913,0.2808988764044944,0.32209737827715357,0.07434944237918216,0.07434944237918216,0.32209737827715357,0.2257818990202767,0.10839179191681017,2.0610665618703607,1.7973266697108523,2.650570676229257,1.7973266697108523,2.650570676229257,2.169654635936823,0.35669768809361296
459,,,,,,,,,,,1.7451687195303351,1.6922343437488263,2.6124505587855285,1.6922343437488263,2.6124505587855285,2.0166178740215632,0.42187119140769375,0.31086142322097376,0.40823970037453183,0.07434944237918216,0.07434944237918216,0.40823970037453183,0.2644835219915626,0.14019952065511032,2.0603434472494806,1.7366949288586107,2.650570676229257,1.7366949288586107,2.650570676229257,2.149203017445783,0.3783422064918373
460,,,,,,,,,,,1.7424050768025228,1.7100965298139132,2.6124505587855285,1.7100965298139132,2.6124505587855285,2.0216507218006545,0.41796674196889855,0.27715355805243447,0.37453183520599254,0.07434944237918216,0.07434944237918216,0.37453183520599254,0.24201161187920306,0.12504288471410943,2.0491105867235846,1.7256502301505443,2.650570676229257,1.7256502301505443,2.650570676229257,2.141777164367795,0.38324037613733514
461,,,,,,,,,,,1.7388087633828686,1.7463834414115318,2.6124505587855285,1.7388087633828686,2.6124505587855285,2.0325475878599764,0.4100649832266595,0.2846441947565543,0.3707865168539326,0.07434944237918216,0.07434944237918216,0.3707865168539326,0.2432600513298897,0.1245076176415356,2.061555915111013,1.719899171300595,2.650570676229257,1.719899171300595,2.650570676229257,2.144008587546955,0.3843923298882855
462,,,,,,,,,,,1.7313831649914284,1.776599124761728,2.6124505587855285,1.7313831649914284,2.6124505587855285,2.0401442828462284,0.4051024363163142,0.31835205992509363,0.3445692883895131,0.07434944237918216,0.07434944237918216,0.3445692883895131,0.245756930231263,0.12167506163524174,1.9689205518822546,1.7566817092538327,2.650570676229257,1.7566817092538327,2.650570676229257,2.1253909791217818,0.381332416027878
463,,,,,,,,,,,1.7744390108587653,1.7608314220721906,2.6124505587855285,1.7608314220721906,2.6124505587855285,2.0492403305721614,0.3982885156024971,0.299625468164794,0.352059925093633,0.07434944237918216,0.07434944237918216,0.352059925093633,0.24201161187920306,0.12047211400554035,2.0097287576296803,1.773818682195542,2.650570676229257,1.773818682195542,2.650570676229257,2.1447060386848267,0.37043907691756267
464,,,,,,,,,,,1.7616842131527486,1.754458370575538,2.6124505587855285,1.754458370575538,2.6124505587855285,2.0428643808379383,0.40276905192425555,0.2808988764044944,0.34831460674157305,0.07434944237918216,0.07434944237918216,0.34831460674157305,0.2345209751750832,0.11655445111724026,2.0502286082349914,1.7481376597943823,2.650570676229257,1.7481376597943823,2.650570676229257,2.14964564808621,0.3750636818350726
465,,,,,,,,,,,1.7151684522399315,1.771781118099506,2.6124505587855285,1.7151684522399315,2.6124505587855285,2.033133376374989,0.41029058552932696,0.2883895131086142,0.3782771535580524,0.07434944237918216,0.07434944237918216,0.3782771535580524,0.2470053696819496,0.12748202200304104,1.992343517724941,1.7494309461965096,2.650570676229257,1.7494309461965096,2.650570676229257,2.1307817133835694,0.3806897720137188
466,,,,,,,,,,,1.72768901505071,1.750398852274968,2.6124505587855285,1.72768901505071,2.6124505587855285,2.0301794753704026,0.4118322029765333,0.2846441947565543,0.352059925093633,0.07434944237918216,0.07434944237918216,0.352059925093633,0.23701785407645648,0.1182708171875206,2.0115978387411166,1.7240461490573955,2.650570676229257,1.7240461490573955,2.650570676229257,2.1287382213425894,0.38721512262976426
467,,,,,,,,,,,1.7107674158801243,1.7531072928355291,2.6124505587855285,1.7107674158801243,2.6124505587855285,2.0254417558337274,0.41543765465055416,0.30337078651685395,0.34831460674157305,0.07434944237918216,0.07434944237918216,0.34831460674157305,0.24201161187920306,0.11996649269744245,1.9728008499752716,1.7329861233743389,2.650570676229257,1.7329861233743389,2.650570676229257,2.118785883192956,0.3885649455386374
468,,,,,,,,,,,1.7361271081920766,1.720152370746319,2.6124505587855285,1.720152370746319,2.6124505587855285,2.0229100125746413,0.4169191286721271,0.2958801498127341,0.3782771535580524,0.07434944237918216,0.07434944237918216,0.3782771535580524,0.2495022485833229,0.12833860343492512,2.1000498885965526,1.7186464977621585,2.650570676229257,1.7186464977621585,2.650570676229257,2.1564223541959895,0.38253893898635905
469,,,,,,,,,,,1.7482644444595057,1.7318944674271803,2.6124505587855285,1.7318944674271803,2.6124505587855285,2.030869823557405,0.411293980609469,0.29213483146067415,0.33707865168539325,0.07434944237918216,0.07434944237918216,0.33707865168539325,0.2345209751750832,0.11473498938202262,2.0046374270978493,1.7492581346954745,2.650570676229257,1.7492581346954745,2.650570676229257,2.1348220793408603,0.3792994482298886
470,,,,,,,,,,,1.7255082099453776,1.7330858377309946,2.6124505587855285,1.7255082099453776,2.6124505587855285,2.0236815354873,0.41633406234847564,0.24344569288389514,0.36704119850187267,0.07434944237918216,0.07434944237918216,0.36704119850187267,0.22827877792165,0.11997122573809138,2.174828148066774,1.717662852355157,2.650570676229257,1.717662852355157,2.650570676229257,2.1810205588837293,0.38088319419053024
471,,,,,,,,,,,1.7062263583999282,1.717151476786687,2.6124505587855285,1.7062263583999282,2.6124505587855285,2.0119427979907147,0.424646533510748,0.30337078651685395,0.32209737827715357,0.07434944237918216,0.07434944237918216,0.32209737827715357,0.23327253572439655,0.11263535119593678,2.0220593057768177,1.77262331126781,2.650570676229257,1.77262331126781,2.650570676229257,2.1484177644246283,0.36938935101468473
472,,,,,,,,,,,1.7034208784892768,1.7283666042181163,2.6124505587855285,1.7034208784892768,2.6124505587855285,2.014746013830974,0.4227636176419261,0.2958801498127341,0.3782771535580524,0.07434944237918216,0.07434944237918216,0.3782771535580524,0.2495022485833229,0.12833860343492512,2.011818473258715,1.6966270485174344,2.650570676229257,1.6966270485174344,2.650570676229257,2.1196720660018022,0.3968428818509847
473,,,,,,,,,,,1.7508437554347505,1.735810974928049,2.6124505587855285,1.735810974928049,2.6124505587855285,2.033035096382776,0.4097545644862603,0.30711610486891383,0.3707865168539326,0.07434944237918216,0.07434944237918216,0.3707865168539326,0.2507506880340095,0.12741410163195324,2.0004993324422657,1.7334479562352212,2.650570676229257,1.7334479562352212,2.650570676229257,2.1281726549689144,0.3851440240101184
474,,,,,,,,,,,1.717870262176286,1.6847633820313674,2.6124505587855285,1.6847633820313674,2.6124505587855285,2.005028067664394,0.42972516675823247,0.2846441947565543,0.352059925093633,0.07434944237918216,0.07434944237918216,0.352059925093633,0.23701785407645648,0.1182708171875206,2.043962738487158,1.7895945216832536,2.650570676229257,1.7895945216832536,2.650570676229257,2.1613759787998896,0.36116421604283866
475,,,,,,,,,,,1.7272098562370939,1.7237398055883555,2.6124505587855285,1.7237398055883555,2.6124505587855285,2.021133406870326,0.4181267677987193,0.299625468164794,0.3595505617977528,0.07434944237918216,0.07434944237918216,0.3595505617977528,0.24450849078057635,0.12278254633397132,1.987740622477585,1.7337467241823004,2.650570676229257,1.7337467241823004,2.650570676229257,2.1240193409630472,0.38649748304120524
476,,,,,,,,,,,1.697988063355153,1.687777249629681,2.6124505587855285,1.687777249629681,2.6124505587855285,1.999405290590121,0.4335085088144703,0.2546816479400749,0.3970037453183521,0.07434944237918216,0.07434944237918216,0.3970037453183521,0.24201161187920306,0.13202738898079255,2.1635210585504883,1.7522168864918113,2.650570676229257,1.7522168864918113,2.650570676229257,2.188769540423852,0.36718569077202157
477,,,,,,,,,,,1.7379313117615642,1.7202301520567673,2.6124505587855285,1.7202301520567673,2.6124505587855285,2.0235373408679536,0.41648722784918524,0.26591760299625467,0.3895131086142322,0.07434944237918216,0.07434944237918216,0.3895131086142322,0.2432600513298897,0.1296586739978343,2.0788531214110413,1.7178143852212455,2.650570676229257,1.7178143852212455,2.650570676229257,2.149079394287181,0.3840202873593279
478,,,,,,,,,,,1.7156743578777736,1.7045418519240159,2.6124505587855285,1.7045418519240159,2.6124505587855285,2.010888922862439,0.4253925908562192,0.299625468164794,0.3408239700374532,0.07434944237918216,0.07434944237918216,0.3408239700374532,0.23826629352714312,0.11712067767004243,2.0177800266930226,1.7419411698530676,2.650570676229257,1.7419411698530676,2.650570676229257,2.1367639575917825,0.38036804704868865
479,,,,,,,,,,,1.7218133097548571,1.6645466731144831,2.6124505587855285,1.6645466731144831,2.6124505587855285,1.9996035138849564,0.4339784881385621,0.2883895131086142,0.3857677902621723,0.07434944237918216,0.07434944237918216,0.3857677902621723,0.2495022485833229,0.13007564813404482,1.9773317374540178,1.714273617508706,2.650570676229257,1.714273617508706,2.650570676229257,2.1140586770639938,0.3942788670924183
480,,,,,,,,,,,1.6864198057323379,1.7526801641170795,2.6124505587855285,1.6864198057323379,2.6124505587855285,2.017183509544982,0.4217856910066841,0.3295880149812734,0.3970037453183521,0.07434944237918216,0.07434944237918216,0.3970037453183521,0.2669804008929359,0.13896338800241848,1.9702408943283425,1.687495008390048,2.650570676229257,1.687495008390048,2.650570676229257,2.1027688596492156,0.40418760634970213
481,,,,,,,,,,,1.7389317930490495,1.7256818808042087,2.6124505587855285,1.7256818808042087,2.6124505587855285,2.025688077546262,0.41493898915878313,0.31086142322097376,0.3595505617977528,0.07434944237918216,0.07434944237918216,0.3595505617977528,0.24825380913263626,0.12456512255517084,2.013738940717576,1.7475492632790897,2.650570676229257,1.7475492632790897,2.650570676229257,2.137286293408641,0.3788666250184947
482,,,,,,,,,,,1.7353620733402462,1.7103035339942345,2.6124505587855285,1.7103035339942345,2.6124505587855285,2.0193720553733363,0.41949458956047975,0.30337078651685395,0.3895131086142322,0.07434944237918216,0.07434944237918216,0.3895131086142322,0.2557444458367561,0.13299933677431644,2.0045036925805197,1.738695450936364,2.650570676229257,1.738695450936364,2.650570676229257,2.131256606582047,0.38290889476188295
483,,,,,,,,,,,1.7163184580605575,1.7174185221011822,2.6124505587855285,1.7163184580605575,2.6124505587855285,2.0153958463157564,0.42218167479336455,0.27340823970037453,0.38202247191011235,0.07434944237918216,0.07434944237918216,0.38202247191011235,0.2432600513298897,0.12740318735338307,2.0425572297099825,1.7170064953829018,2.650570676229257,1.7170064953829018,2.650570676229257,2.1367114671073804,0.38689730356150565
484,,,,,,,,,,,1.7238882812200773,1.7266093235749465,2.6124505587855285,1.7238882812200773,2.6124505587855285,2.0209827211935174,0.418232394088264,0.31835205992509363,0.41198501872659177,0.07434944237918216,0.07434944237918216,0.41198501872659177,0.26822884034362254,0.14232286876388053,1.9301943908469954,1.6829317357209739,2.650570676229257,1.6829317357209739,2.650570676229257,2.087898934265742,0.4104747836820063
485,,,,,,,,,,,1.6762774976201649,1.7138289543298575,2.6124505587855285,1.6762774976201649,2.6124505587855285,2.00085233691185,0.4327368844340547,0.3333333333333333,0.36704119850187267,0.07434944237918216,0.07434944237918216,0.36704119850187267,0.2582413247381294,0.13075734100919603,1.9673368703113514,1.700198861990082,2.650570676229257,1.700198861990082,2.650570676229257,2.10603546951023,0.4001913062439543
486,,,,,,,,,,,1.7168103436992304,1.6641524663338294,2.6124505587855285,1.6641524663338294,2.6124505587855285,1.9978044562728627,0.43515176395725447,0.29213483146067415,0.37453183520599254,0.07434944237918216,0.07434944237918216,0.37453183520599254,0.24700536968194964,0.12663561500393006,2.02772851918967,1.7123595382390397,2.650570676229257,1.7123595382390397,2.650570676229257,2.1302195778859887,0.3898190586214275
487,,,,,,,,,,,1.6910719214091516,1.6636233036334698,2.6124505587855285,1.6636233036334698,2.6124505587855285,1.9890485946093832,0.44095416493361733,0.3445692883895131,0.3782771535580524,0.07434944237918216,0.07434944237918216,0.3782771535580524,0.26573196144224925,0.1360257487775728,1.9384467869662168,1.685478731487574,2.650570676229257,1.685478731487574,2.650570676229257,2.091498731561016,0.40859049488006777
488,,,,,,,,,,,1.7424890165494198,1.6861117968192467,2.6124505587855285,1.6861117968192467,2.6124505587855285,2.013683790718065,0.42401716131354306,0.2958801498127341,0.3707865168539326,0.07434944237918216,0.07434944237918216,0.3707865168539326,0.24700536968194964,0.12585783747390433,2.0509484412518333,1.7242248254768857,2.650570676229257,1.7242248254768857,2.650570676229257,2.1419146476526585,0.38361030298272913
489,,,,,,,,,,,1.745698424230067,1.6489283506686871,2.6124505587855285,1.6489283506686871,2.6124505587855285,2.002359111228094,0.43320494962647327,0.30337078651685395,0.36704119850187267,0.07434944237918216,0.07434944237918216,0.36704119850187267,0.24825380913263628,0.12568618837545464,2.060066384769111,1.6985498497102145,2.650570676229257,1.6985498497102145,2.650570676229257,2.136395636902861,0.3923905618810366
490,,,,,,,,,,,1.7012458034612676,1.6745252535893367,2.6124505587855285,1.6745252535893367,2.6124505587855285,1.9960738719453779,0.43598062801489673,0.25842696629213485,0.3707865168539326,0.07434944237918216,0.07434944237918216,0.3707865168539326,0.2345209751750832,0.1221948091894076,2.1104209833823786,1.7230511863579911,2.650570676229257,1.7230511863579911,2.650570676229257,2.161347615323209,0.38036670236618675
491,,,,,,,,,,,1.7459904012826915,1.7270953031686636,2.6124505587855285,1.7270953031686636,2.6124505587855285,2.028512087745628,0.4129789015220167,0.26217228464419473,0.36329588014981273,0.07434944237918216,0.07434944237918216,0.36329588014981273,0.23327253572439655,0.11971885841644372,2.1230229670635326,1.7137710539142736,2.650570676229257,1.7137710539142736,2.650570676229257,2.162454899069021,0.38346189818428117
492,,,,,,,,,,,1.732221717325051,1.720252356162438,2.6124505587855285,1.720252356162438,2.6124505587855285,2.021641544091006,0.4177936374853777,0.26217228464419473,0.36704119850187267,0.07434944237918216,0.07434944237918216,0.36704119850187267,0.2345209751750832,0.12108003472101575,2.1616716215226535,1.7389955779586392,2.650570676229257,1.7389955779586392,2.650570676229257,2.1837459585701833,0.3724761712412734
493,,,,,,,,,,,1.7193297560795553,1.695731786581186,2.6124505587855285,1.695731786581186,2.6124505587855285,2.00917070048209,0.42669204868544575,0.2846441947565543,0.3408239700374532,0.07434944237918216,0.07434944237918216,0.3408239700374532,0.23327253572439655,0.11469220835628392,2.053357818599944,1.7477203111970023,2.650570676229257,1.7477203111970023,2.650570676229257,2.1505496020087342,0.37493944176035937
494,,,,,,,,,,,1.6841624837522902,1.643872803908128,2.6124505587855285,1.643872803908128,2.6124505587855285,1.9801619488153157,0.4473980176524659,0.2958801498127341,0.36329588014981273,0.07434944237918216,0.07434944237918216,0.36329588014981273,0.24450849078057635,0.12342824228101505,1.972822741622782,1.7507328487067633,2.650570676229257,1.7507328487067633,2.650570676229257,2.1247087555196007,0.3827349386309006
495,,,,,,,,,,,1.7325933441964334,1.6551368126502404,2.6124505587855285,1.6551368126502404,2.6124505587855285,2.0000602385440676,0.43417838639117834,0.2846441947565543,0.39325842696629215,0.07434944237918216,0.07434944237918216,0.39325842696629215,0.2507506880340095,0.13238155073135827,2.0693480914898132,1.6800510874401764,2.650570676229257,1.6800510874401764,2.650570676229257,2.1333232850530823,0.3987870669078298
496,,,,,,,,,,,1.6631483070200974,1.6837530117768509,2.6124505587855285,1.6631483070200974,2.6124505587855285,1.9864506258608257,0.44272871714766643,0.27715355805243447,0.36704119850187267,0.07434944237918216,0.07434944237918216,0.36704119850187267,0.23951473297782977,0.12241902600030126,2.0261805325411677,1.714910386206952,2.650570676229257,1.714910386206952,2.650570676229257,2.130553864992459,0.3890461746171842
497,,,,,,,,,,,1.6685772225533229,1.6631919824160062,2.6124505587855285,1.6631919824160062,2.6124505587855285,1.9814065879182856,0.4462208870643605,0.299625468164794,0.36329588014981273,0.07434944237918216,0.07434944237918216,0.36329588014981273,0.245756930231263,0.12395933609967,2.0043471002400146,1.7015914131193126,2.650570676229257,1.7015914131193126,2.650570676229257,2.118836396529528,0.39578719844282007
498,,,,,,,,,,,1.6687276460897245,1.710213879438547,2.6124505587855285,1.6687276460897245,2.6124505587855285,1.9971306947712666,0.43542636436582893,0.2883895131086142,0.3895131086142322,0.07434944237918216,0.07434944237918216,0.3895131086142322,0.2507506880340095,0.1313888503474249,1.9851547493023818,1.707822794771373,2.650570676229257,1.707822794771373,2.650570676229257,2.1145160734343373,0.3955958848237359
499,,,,,,,,,,,1.7041048551546598,1.6874342569938072,2.6124505587855285,1.6874342569938072,2.6124505587855285,2.001329890311332,0.43218115861138745,0.2958801498127341,0.3857677902621723,0.07434944237918216,0.07434944237918216,0.3857677902621723,0.25199912748469616,0.1308676301712487,1.957885773440872,1.6882079527172702,2.650570676229257,1.6882079527172702,2.650570676229257,2.098888134129133,0.40533669312568543
500,,,,,,,,,,,1.7209067778362461,1.7066727363146268,2.6124505587855285,1.7066727363146268,2.6124505587855285,2.0133433576454673,0.4236726179712493,0.299625468164794,0.3782771535580524,0.07434944237918216,0.07434944237918216,0.3782771535580524,0.2507506880340095,0.12880106496772736,1.9719618040970648,1.7127013068074144,2.650570676229257,1.7127013068074144,2.650570676229257,2.1117445957112455,0.3954357597625867
501,,,,,,,,,,,1.698663414844076,1.7315560029103205,2.6124505587855285,1.698663414844076,2.6124505587855285,2.014223325513308,0.4232236190312204,0.2883895131086142,0.3857677902621723,0.07434944237918216,0.07434944237918216,0.3857677902621723,0.2495022485833229,0.13007564813404482,2.029947073718582,1.6872850268074635,2.650570676229257,1.6872850268074635,2.650570676229257,2.122600925585101,0.3986797903035875
502,,,,,,,,,,,1.681394310383067,1.6818627449182364,2.6124505587855285,1.681394310383067,2.6124505587855285,1.991902538028944,0.4387937552020039,0.3146067415730337,0.36329588014981273,0.07434944237918216,0.07434944237918216,0.36329588014981273,0.2507506880340095,0.12630837305385645,1.9889531881175238,1.75113155868616,2.650570676229257,1.75113155868616,2.650570676229257,2.1302184743443138,0.3805387342187643
503,,,,,,,,,,,1.6549718120674082,1.6530500210248507,2.6124505587855285,1.6530500210248507,2.6124505587855285,1.9734907972925957,0.4518134614532358,0.3146067415730337,0.4044943820224719,0.07434944237918216,0.07434944237918216,0.4044943820224719,0.2644835219915626,0.13936324993562,1.9695760373319133,1.6475080564227444,2.650570676229257,1.6475080564227444,2.650570676229257,2.089218256661305,0.41814618679581655
504,,,,,,,,,,,1.6635197512339353,1.6415057842548078,2.6124505587855285,1.6415057842548078,2.6124505587855285,1.972492031424757,0.4526082494769362,0.31086142322097376,0.352059925093633,0.07434944237918216,0.07434944237918216,0.352059925093633,0.245756930231263,0.12236482149146952,1.9453381125846605,1.716121970937493,2.650570676229257,1.716121970937493,2.650570676229257,2.10401025325047,0.3976440886630207
505,,,,,,,,,,,1.7044348153388764,1.682950735092163,2.6124505587855285,1.682950735092163,2.6124505587855285,1.999945369738856,0.4331953726921505,0.2808988764044944,0.38202247191011235,0.07434944237918216,0.07434944237918216,0.38202247191011235,0.245756930231263,0.1280413749817271,2.0329800464687278,1.6988781418246723,2.650570676229257,1.6988781418246723,2.650570676229257,2.127476288174219,0.3942307486592951
506,,,,,,,,,,,1.648921635944873,1.6615470409393311,2.6124505587855285,1.648921635944873,2.6124505587855285,1.974306411889911,0.4512654905010059,0.31086142322097376,0.38202247191011235,0.07434944237918216,0.07434944237918216,0.38202247191011235,0.2557444458367561,0.13151447112305278,1.979782961727528,1.6744803815298759,2.650570676229257,1.6744803815298759,2.650570676229257,2.101611339828887,0.4076924340191488
507,,,,,,,,,,,1.7102501130769525,1.6579408205472506,2.6124505587855285,1.6579408205472506,2.6124505587855285,1.993547164136577,0.438151514472818,0.2883895131086142,0.37453183520599254,0.07434944237918216,0.07434944237918216,0.37453183520599254,0.245756930231263,0.1262022717252032,2.0129780179998846,1.6971253241492568,2.650570676229257,1.6971253241492568,2.650570676229257,2.1202246727927996,0.39656096090760284
508,,,,,,,,,,,1.6810874180568882,1.691353100996751,2.6124505587855285,1.6810874180568882,2.6124505587855285,1.9949636926130558,0.4366492631263535,0.299625468164794,0.37453183520599254,0.07434944237918216,0.07434944237918216,0.37453183520599254,0.24950224858332293,0.12757120912577063,2.0095268559366577,1.7182848748196378,2.650570676229257,1.7182848748196378,2.650570676229257,2.1261274689951843,0.38943204893084343
509,,,,,,,,,,,1.7011627632339374,1.6672879145695614,2.6124505587855285,1.6672879145695614,2.6124505587855285,1.9936337455296755,0.4377880481230655,0.31086142322097376,0.37453183520599254,0.07434944237918216,0.07434944237918216,0.37453183520599254,0.2532475669353828,0.12914303328191296,1.9762555610821042,1.6864163982734253,2.650570676229257,1.6864163982734253,2.650570676229257,2.1044142118615956,0.40391158087907275
510,,,,,,,,,,,1.6561659155727235,1.6698904477632963,2.6124505587855285,1.6561659155727235,2.6124505587855285,1.9795023073738494,0.4475970713486175,0.32209737827715357,0.3782771535580524,0.07434944237918216,0.07434944237918216,0.3782771535580524,0.2582413247381294,0.13203840372101527,1.9556443731436568,1.7218037964252944,2.650570676229257,1.7218037964252944,2.650570676229257,2.1093396152660695,0.3944351656428024
511,,,,,,,,,,,1.6805269298241388,1.614292364854079,2.6124505587855285,1.614292364854079,2.6124505587855285,1.969089951154582,0.4557275560300172,0.3295880149812734,0.39325842696629215,0.07434944237918216,0.07434944237918216,0.39325842696629215,0.26573196144224925,0.13780162503342605,1.9112884132156658,1.6873660346541959,2.650570676229257,1.6873660346541959,2.650570676229257,2.083075041366373,0.4115610765499879
512,,,,,,,,,,,1.678022576594605,1.6395924971653866,2.6124505587855285,1.6395924971653866,2.6124505587855285,1.9766885441818403,0.44982531584378355,0.30711610486891383,0.3782771535580524,0.07434944237918216,0.07434944237918216,0.3782771535580524,0.2532475669353828,0.12979311214372125,1.951701133885187,1.680398896392365,2.650570676229257,1.680398896392365,2.650570676229257,2.0942235688356035,0.4086912477214043
513,,,,,,,,,,,1.7097011460376772,1.651758830363934,2.6124505587855285,1.651758830363934,2.6124505587855285,1.9913035117290463,0.4398538155165111,0.299625468164794,0.3970037453183521,0.07434944237918216,0.07434944237918216,0.3970037453183521,0.25699288528744274,0.1351285872626171,1.9899432748444519,1.6800596597935824,2.650570676229257,1.6800596597935824,2.650570676229257,2.106857870289097,0.40474244915891916
514,,,,,,,,,,,1.6393299417156113,1.6757521592653715,2.6124505587855285,1.6393299417156113,2.6124505587855285,1.9758442199221704,0.45039417365500856,0.3258426966292135,0.3782771535580524,0.07434944237918216,0.07434944237918216,0.3782771535580524,0.25948976418881603,0.13265254649694608,1.9289979336413552,1.7135978530855214,2.650570676229257,1.7135978530855214,2.650570676229257,2.0977221543187112,0.4006914147735731
515,,,,,,,,,,,1.651199825229957,1.6373700765463022,2.6124505587855285,1.6373700765463022,2.6124505587855285,1.9670068201872624,0.4564325654894658,0.2958801498127341,0.4157303370786517,0.07434944237918216,0.07434944237918216,0.4157303370786517,0.2619866430901893,0.1414138280954541,1.9210426450222173,1.6755026074384483,2.650570676229257,1.6755026074384483,2.650570676229257,2.082371976229974,0.414093225835935
516,,,,,,,,,,,1.6812339618414842,1.652790304330679,2.6124505587855285,1.652790304330679,2.6124505587855285,1.9821582749858973,0.4458351957664507,0.30711610486891383,0.38202247191011235,0.07434944237918216,0.07434944237918216,0.38202247191011235,0.25449600638606945,0.13100211028438521,1.931661494215776,1.7058960837817818,2.650570676229257,1.7058960837817818,2.650570676229257,2.096042751408938,0.4027972357495802
517,,,,,,,,,,,1.680700777240162,1.6615030618814322,2.6124505587855285,1.6615030618814322,2.6124505587855285,1.984884799302374,0.44382520953298704,0.31835205992509363,0.37453183520599254,0.07434944237918216,0.07434944237918216,0.37453183520599254,0.2557444458367561,0.13030004412171936,1.9680135660850153,1.6921511946546004,2.650570676229257,1.6921511946546004,2.650570676229257,2.103578478989624,0.40284435362687665
518,,,,,,,,,,,1.6590972189953743,1.5904535146859975,2.6124505587855285,1.5904535146859975,2.6124505587855285,1.9540004308223,0.46643714674571257,0.26591760299625467,0.39325842696629215,0.07434944237918216,0.07434944237918216,0.39325842696629215,0.24450849078057635,0.13107122154765838,2.0116380689742415,1.6825651269726984,2.650570676229257,1.6825651269726984,2.650570676229257,2.1149246240587325,0.4018787297960992
519,,,,,,,,,,,1.6344393989693327,1.643954768547645,2.6124505587855285,1.6344393989693327,2.6124505587855285,1.9636149087675019,0.45881253333308814,0.30337078651685395,0.33707865168539325,0.07434944237918216,0.07434944237918216,0.33707865168539325,0.23826629352714312,0.11672076539402974,1.9164205950297666,1.7302385519506334,2.650570676229257,1.7302385519506334,2.650570676229257,2.0990766077365524,0.39730359422676353
520,,,,,,,,,,,1.6716669531712978,1.6927675852408777,2.6124505587855285,1.6716669531712978,2.6124505587855285,1.9922950323992346,0.43860078039832523,0.32209737827715357,0.3970037453183521,0.07434944237918216,0.07434944237918216,0.3970037453183521,0.2644835219915626,0.13787909468894105,1.8979932011736467,1.6614199131169123,2.650570676229257,1.6614199131169123,2.650570676229257,2.0699945968399387,0.4217370176818707
521,,,,,,,,,,,1.6562553118695653,1.6488668826910167,2.6124505587855285,1.6488668826910167,2.6124505587855285,1.9725242511153702,0.4525062847870758,0.31086142322097376,0.3782771535580524,0.07434944237918216,0.07434944237918216,0.3782771535580524,0.25449600638606945,0.1303221868213188,1.9042289873187461,1.697204545196076,2.650570676229257,1.697204545196076,2.650570676229257,2.084001402914693,0.4094429842336175
522,,,,,,,,,,,1.5875657562801078,1.6084554708920993,2.6124505587855285,1.5875657562801078,2.6124505587855285,1.9361572619859118,0.4782876139703762,0.30337078651685395,0.3895131086142322,0.07434944237918216,0.07434944237918216,0.3895131086142322,0.2557444458367561,0.13299933677431644,1.895738772238685,1.6774208634980163,2.650570676229257,1.6774208634980163,2.650570676229257,2.0745767706553195,0.4169271813022536
523,,,,,,,,,,,1.6247268346666257,1.6382023022725032,2.6124505587855285,1.6247268346666257,2.6124505587855285,1.9584598985748858,0.4624739522674861,0.299625468164794,0.36329588014981273,0.07434944237918216,0.07434944237918216,0.36329588014981273,0.245756930231263,0.12395933609967,1.9897302991888497,1.6980690965045258,2.650570676229257,1.6980690965045258,2.650570676229257,2.112790023974211,0.3984742457112411
524,,,,,,,,,,,1.5790147948884643,1.6514075370935293,2.6124505587855285,1.5790147948884643,2.6124505587855285,1.9476242969225073,0.47103124180041456,0.32209737827715357,0.4044943820224719,0.07434944237918216,0.07434944237918216,0.4044943820224719,0.2669804008929359,0.14030284195267778,1.9167269178097615,1.6659693570619218,2.650570676229257,1.6659693570619218,2.650570676229257,2.07775565036698,0.4177779545470316
525,,,,,,,,,,,1.6581691384200756,1.620851914699261,2.6124505587855285,1.620851914699261,2.6124505587855285,1.9638238706349551,0.45890128149195897,0.3146067415730337,0.3970037453183521,0.07434944237918216,0.07434944237918216,0.3970037453183521,0.2619866430901893,0.1368773316380975,1.9339831839786488,1.6322822691349501,2.650570676229257,1.6322822691349501,2.650570676229257,2.0722787097809516,0.42706132217623183
526,,,,,,,,,,,1.6317055026881389,1.6619593308522151,2.6124505587855285,1.6317055026881389,2.6124505587855285,1.9687051307752939,0.4553642904991601,0.30337078651685395,0.3857677902621723,0.07434944237918216,0.07434944237918216,0.3857677902621723,0.25449600638606945,0.13174952232466766,1.9453578289974942,1.637471043661739,2.650570676229257,1.637471043661739,2.650570676229257,2.0777998496294967,0.42406633364677426
527,,,,,,,,,,,1.5907012492676442,1.695920597589933,2.6124505587855285,1.5907012492676442,2.6124505587855285,1.9663574685477017,0.45887179673276934,0.3258426966292135,0.34831460674157305,0.07434944237918216,0.07434944237918216,0.34831460674157305,0.24950224858332293,0.12419105127964053,1.8505782375621438,1.7508244576972076,2.650570676229257,1.7508244576972076,2.650570676229257,2.083991123829536,0.4026967395343851
528,,,,,,,,,,,1.6265743651908677,1.65253547338339,2.6124505587855285,1.6265743651908677,2.6124505587855285,1.9638534657865954,0.45874984946020847,0.32209737827715357,0.37453183520599254,0.07434944237918216,0.07434944237918216,0.37453183520599254,0.25699288528744274,0.13091043629492863,1.843063310737467,1.6590593410341927,2.650570676229257,1.6590593410341927,2.650570676229257,2.0508977760003053,0.43063523285830696
529,,,,,,,,,,,1.6331156423392492,1.6360758854792667,2.6124505587855285,1.6331156423392492,2.6124505587855285,1.960547362201348,0.4609667551623554,0.27715355805243447,0.37453183520599254,0.07434944237918216,0.07434944237918216,0.37453183520599254,0.24201161187920306,0.12504288471410943,1.958190802777751,1.7012795959965568,2.650570676229257,1.7012795959965568,2.650570676229257,2.103347025001188,0.40090824834782063
530,,,,,,,,,,,1.595517039987419,1.6035925186597384,2.6124505587855285,1.595517039987419,2.6124505587855285,1.9371867058108954,0.47749503082200206,0.37453183520599254,0.39325842696629215,0.07434944237918216,0.07434944237918216,0.39325842696629215,0.280713234850489,0.1461213706526066,1.7948225941997342,1.6520723336644834,2.650570676229257,1.6520723336644834,2.650570676229257,2.032488534697825,0.44091840475744987
531,,,,,,,,,,,1.6512631741249297,1.6791667773173407,2.6124505587855285,1.6512631741249297,2.6124505587855285,1.9809601700759327,0.4466764198255279,0.31086142322097376,0.4157303370786517,0.07434944237918216,0.07434944237918216,0.4157303370786517,0.2669804008929359,0.14278045362693007,1.889570888062095,1.6217613626508678,2.650570676229257,1.6217613626508678,2.650570676229257,2.0539676423140736,0.4357995491299857
532,,,,,,,,,,,1.602587245082029,1.6549440383911134,2.6124505587855285,1.602587245082029,2.6124505587855285,1.9566606140862237,0.4642058789861387,0.31835205992509363,0.4157303370786517,0.07434944237918216,0.07434944237918216,0.4157303370786517,0.2694772797943092,0.1435891985633018,1.8868601915988137,1.6283712070086476,2.650570676229257,1.6283712070086476,2.650570676229257,2.0552673582789063,0.433969022750577
533,,,,,,,,,,,1.6295875068234067,1.6223741971529446,2.6124505587855285,1.6223741971529446,2.6124505587855285,1.9548040875872932,0.4650356034891084,0.34831460674157305,0.40074906367041196,0.07434944237918216,0.07434944237918216,0.40074906367041196,0.27447103759705577,0.14311727760305623,1.8381858519400551,1.6153846135300196,2.650570676229257,1.6153846135300196,2.650570676229257,2.034713713899777,0.4448744740534736
534,,,,,,,,,,,1.62276040222693,1.6618636259665855,2.6124505587855285,1.62276040222693,2.6124505587855285,1.9656915289930146,0.45760623356063357,0.3146067415730337,0.42696629213483145,0.07434944237918216,0.07434944237918216,0.42696629213483145,0.2719741586956825,0.14707778786523182,1.9881369866681902,1.63336313663797,2.650570676229257,1.63336313663797,2.650570676229257,2.0906902665118055,0.42155717370668494
535,,,,,,,,,,,1.6087162214706905,1.666149480526264,2.6124505587855285,1.6087162214706905,2.6124505587855285,1.962438753594161,0.46022541938890577,0.2696629213483146,0.39325842696629215,0.07434944237918216,0.07434944237918216,0.39325842696629215,0.245756930231263,0.13128685494255649,2.069714397080382,1.6330362683378354,2.650570676229257,1.6330362683378354,2.650570676229257,2.117773780549158,0.4167943906094752
536,,,,,,,,,,,1.5467442266062204,1.6342362807347224,2.6124505587855285,1.5467442266062204,2.6124505587855285,1.9311436887088238,0.48307901582397683,0.3445692883895131,0.40823970037453183,0.07434944237918216,0.07434944237918216,0.40823970037453183,0.2757194770477424,0.14474321742865504,1.91472563538212,1.6562820481003893,2.650570676229257,1.6562820481003893,2.650570676229257,2.073859453237256,0.4212245228659415
537,,,,,,,,,,,1.5710754462224688,1.6411674774610079,2.6124505587855285,1.5710754462224688,2.6124505587855285,1.941564494156335,0.4752503249138085,0.31835205992509363,0.4157303370786517,0.07434944237918216,0.07434944237918216,0.4157303370786517,0.2694772797943092,0.1435891985633018,1.9532591934954182,1.638431272256687,2.650570676229257,1.638431272256687,2.650570676229257,2.0807537139937877,0.42292448722068515
538,,,,,,,,,,,1.611021481992191,1.6305265976832464,2.6124505587855285,1.611021481992191,2.6124505587855285,1.9513328794869889,0.4675486083787407,0.3258426966292135,0.42696629213483145,0.07434944237918216,0.07434944237918216,0.42696629213483145,0.2757194770477424,0.14825409165530376,1.8621920637423626,1.6197185136852192,2.650570676229257,1.6197185136852192,2.650570676229257,2.044160417885613,0.44007454420634423
539,,,,,,,,,,,1.5588462984940545,1.624513160265409,2.6124505587855285,1.5588462984940545,2.6124505587855285,1.9319366725149976,0.48194217926980315,0.3857677902621723,0.40823970037453183,0.07434944237918216,0.07434944237918216,0.40823970037453183,0.2894523110052954,0.15237711935504336,1.7827649638893899,1.6302226013905101,2.650570676229257,1.6302226013905101,2.650570676229257,2.0211860805030524,0.44937810367385395
540,,,,,,,,,,,1.5811119342332167,1.6371063434160673,2.6124505587855285,1.5811119342332167,2.6124505587855285,1.943556278811604,0.47353177422520804,0.3258426966292135,0.41198501872659177,0.07434944237918216,0.07434944237918216,0.41198501872659177,0.27072571924499583,0.14324304869891857,1.8901521391636424,1.6133741600236642,2.650570676229257,1.6133741600236642,2.650570676229257,2.051365658472188,0.43850997891582794
541,,,,,,,,,,,1.5818093316387511,1.634823491023137,2.6124505587855285,1.5818093316387511,2.6124505587855285,1.9430277938158056,0.47384790384580155,0.33707865168539325,0.3970037453183521,0.07434944237918216,0.07434944237918216,0.3970037453183521,0.2694772797943092,0.14012829576845617,1.8833647265416407,1.658424628361334,2.650570676229257,1.658424628361334,2.650570676229257,2.0641200103774104,0.4247295606625446
542,,,,,,,,,,,1.594741666167831,1.6224759248586802,2.6124505587855285,1.594741666167831,2.6124505587855285,1.9432227166040132,0.4733509803091697,0.35580524344569286,0.4157303370786517,0.07434944237918216,0.07434944237918216,0.4157303370786517,0.2819616743011756,0.14882849938649387,1.8521722345316454,1.6240944514113866,2.650570676229257,1.6240944514113866,2.650570676229257,2.0422791207240962,0.4400900144004095
543,,,,,,,,,,,1.5755010612660354,1.6237092054807223,2.6124505587855285,1.5755010612660354,2.6124505587855285,1.9372202751774286,0.47786536333871427,0.3857677902621723,0.3857677902621723,0.07434944237918216,0.07434944237918216,0.3857677902621723,0.2819616743011756,0.14680401704931575,1.8331832032971613,1.617003193062343,2.650570676229257,1.617003193062343,2.650570676229257,2.0335856908629206,0.44511144921386864
544,,,,,,,,,,,1.6008007578028292,1.6601580931590154,2.6124505587855285,1.6008007578028292,2.6124505587855285,1.9578031365824575,0.4635394689149932,0.352059925093633,0.41198501872659177,0.07434944237918216,0.07434944237918216,0.41198501872659177,0.27946479539980235,0.14708724224148956,1.7982492062929418,1.631677091344912,2.650570676229257,1.631677091344912,2.650570676229257,2.0268323246223705,0.4462612955198051
545,,,,,,,,,,,1.6102863151483289,1.6033711616809552,2.6124505587855285,1.6033711616809552,2.6124505587855285,1.942036011871604,0.47406307834311184,0.3295880149812734,0.4044943820224719,0.07434944237918216,0.07434944237918216,0.4044943820224719,0.2694772797943092,0.1413244391617054,1.9258756472376848,1.6327284882577617,2.650570676229257,1.6327284882577617,2.650570676229257,2.0697249372415683,0.4278006884672785
546,,,,,,,,,,,1.5773959904478878,1.649383207467886,2.6124505587855285,1.5773959904478878,2.6124505587855285,1.946409918900434,0.47187790817645514,0.31086142322097376,0.4232209737827715,0.07434944237918216,0.07434944237918216,0.4232209737827715,0.2694772797943092,0.14540133390341936,1.903123119797153,1.5931289450506145,2.650570676229257,1.5931289450506145,2.650570676229257,2.0489409136923413,0.4438414698003976
547,,,,,,,,,,,1.6473824936570285,1.6029210310715896,2.6124505587855285,1.6029210310715896,2.6124505587855285,1.954251361171382,0.4657709331268169,0.3707865168539326,0.42696629213483145,0.07434944237918216,0.07434944237918216,0.42696629213483145,0.29070075045598204,0.15469315470216052,1.795287179589718,1.605363147982051,2.650570676229257,1.605363147982051,2.650570676229257,2.0170736679336754,0.4546109172212482
548,,,,,,,,,,,1.5741599213629531,1.6410345077514648,2.6124505587855285,1.5741599213629531,2.6124505587855285,1.9425483292999821,0.47447852103015004,0.36329588014981273,0.41198501872659177,0.07434944237918216,0.07434944237918216,0.41198501872659177,0.2832101137518622,0.14901843977289564,1.834351370397132,1.6162068950995971,2.650570676229257,1.6162068950995971,2.650570676229257,2.0337096472419955,0.4451852796593995
549,,,,,,,,,,,1.5886180083033439,1.6413361677756677,2.6124505587855285,1.5886180083033439,2.6124505587855285,1.9474682449548466,0.4707057887649445,0.36329588014981273,0.41947565543071164,0.07434944237918216,0.07434944237918216,0.41947565543071164,0.2857069926532355,0.1512019672073081,1.7828051302763406,1.6333762536781111,2.650570676229257,1.6333762536781111,2.650570676229257,2.022250686727903,0.44845791641698
550,,,,,,,,,,,1.615258604316785,1.6232526540756225,2.6124505587855285,1.615258604316785,2.6124505587855285,1.9503206057259785,0.4682079539847424,0.3258426966292135,0.4044943820224719,0.07434944237918216,0.07434944237918216,0.4044943820224719,0.26822884034362254,0.14080349811016865,1.9366171743985865,1.6286190395498097,2.650570676229257,1.6286190395498097,2.650570676229257,2.0719356300592175,0.4280417427149943
551,,,,,,,,,,,1.5481373101501539,1.6304303426008957,2.6124505587855285,1.5481373101501539,2.6124505587855285,1.930339403845526,0.4834940582659196,0.352059925093633,0.3970037453183521,0.07434944237918216,0.07434944237918216,0.3970037453183521,0.27447103759705577,0.1426919208142909,1.8411288225695435,1.630746541398295,2.650570676229257,1.630746541398295,2.650570676229257,2.0408153467323653,0.4396334438636367
552,,,,,,,,,,,1.5580927811641896,1.6241840289189264,2.6124505587855285,1.5580927811641896,2.6124505587855285,1.9315757896228813,0.4822066304805858,0.35580524344569286,0.41198501872659177,0.07434944237918216,0.07434944237918216,0.41198501872659177,0.28071323485048894,0.1477126781288785,1.785173845648319,1.6131706670875408,2.650570676229257,1.6131706670875408,2.650570676229257,2.0163050629883723,0.45395735810288723
553,,,,,,,,,,,1.5733748148908056,1.6061707184864924,2.6124505587855285,1.5733748148908056,2.6124505587855285,1.9306653640542752,0.4822808183615391,0.31835205992509363,0.40823970037453183,0.07434944237918216,0.07434944237918216,0.40823970037453183,0.2669804008929359,0.14106726908308082,1.8502131285292378,1.629337384013201,2.650570676229257,1.629337384013201,2.650570676229257,2.043373729590565,0.4387198214763732
554,,,,,,,,,,,1.621523845241664,1.6091397065382738,2.6124505587855285,1.6091397065382738,2.6124505587855285,1.947704703521822,0.47007349126887493,0.30711610486891383,0.41198501872659177,0.07434944237918216,0.07434944237918216,0.41198501872659177,0.2644835219915626,0.14109712599472637,1.9379242171955466,1.5952863965588115,2.650570676229257,1.5952863965588115,2.650570676229257,2.0612604299945385,0.43955666587338615
555,,,,,,,,,,,1.5637484997711695,1.6459926073367779,2.6124505587855285,1.5637484997711695,2.6124505587855285,1.9407305552978251,0.4761630292392553,0.36704119850187267,0.4344569288389513,0.07434944237918216,0.07434944237918216,0.4344569288389513,0.2919491899066687,0.15630836566914738,1.8172437095463498,1.5828641885228818,2.650570676229257,1.5828641885228818,2.650570676229257,2.0168928580994963,0.4581805487367531
556,,,,,,,,,,,1.5732333490318466,1.6311527618995079,2.6124505587855285,1.5732333490318466,2.6124505587855285,1.9389455565722944,0.47682659713388476,0.32209737827715357,0.42696629213483145,0.07434944237918216,0.07434944237918216,0.42696629213483145,0.27447103759705577,0.1478419469745356,1.891481979509418,1.5996369194895141,2.650570676229257,1.5996369194895141,2.650570676229257,2.0472298584093966,0.4429510820246099
557,,,,,,,,,,,1.6360342511772765,1.640966483262869,2.6124505587855285,1.6360342511772765,2.6124505587855285,1.9631504310752248,0.4591289387610697,0.3782771535580524,0.41198501872659177,0.07434944237918216,0.07434944237918216,0.41198501872659177,0.28820387155460875,0.15184277548836664,1.8149742303269634,1.6039147060015675,2.650570676229257,1.6039147060015675,2.650570676229257,2.0231532041859293,0.4519410314565722
558,,,,,,,,,,,1.5804554494214356,1.6402316020085261,2.6124505587855285,1.5804554494214356,2.6124505587855285,1.9443792034051632,0.47302769405490225,0.3595505617977528,0.4044943820224719,0.07434944237918216,0.07434944237918216,0.4044943820224719,0.2794647953998023,0.1461944316716114,1.8419604426466123,1.6234210876936324,2.650570676229257,1.6234210876936324,2.650570676229257,2.038650735523167,0.44179510544378264
559,,,,,,,,,,,1.5444439735632889,1.6095760950675377,2.6124505587855285,1.5444439735632889,2.6124505587855285,1.9221568758054517,0.4888350607205939,0.39325842696629215,0.4232209737827715,0.07434944237918216,0.07434944237918216,0.4232209737827715,0.29694294770941526,0.1578719734771033,1.730055354061198,1.6147664870215712,2.650570676229257,1.6147664870215712,2.650570676229257,1.9984641724373422,0.463504800357455
560,,,,,,,,,,,1.6071909982729005,1.613118553161621,2.6124505587855285,1.6071909982729005,2.6124505587855285,1.9442533700733502,0.47249296025012105,0.4419475655430712,0.39325842696629215,0.07434944237918216,0.07434944237918216,0.4419475655430712,0.3031851449628485,0.1630275889464875,1.6451174132386397,1.6353603235344762,2.650570676229257,1.6353603235344762,2.650570676229257,1.9770161376674575,0.47629163860865237
561,,,,,,,,,,,1.5596387462046883,1.5842204809188842,2.6124505587855285,1.5596387462046883,2.6124505587855285,1.918769928636367,0.49060892633779984,0.38202247191011235,0.4157303370786517,0.07434944237918216,0.07434944237918216,0.4157303370786517,0.29070075045598204,0.1536011532583917,1.7530627786443476,1.6210281054178874,2.650570676229257,1.6210281054178874,2.650570676229257,2.0082205200971637,0.457397406380708
562,,,,,,,,,,,1.5933029736545479,1.6081938633551964,2.6124505587855285,1.5933029736545479,2.6124505587855285,1.937982465265091,0.4769597058675149,0.40074906367041196,0.42696629213483145,0.07434944237918216,0.07434944237918216,0.42696629213483145,0.3006882660614752,0.16040320673540578,1.738503268595492,1.6184819597429998,2.650570676229257,1.6184819597429998,2.650570676229257,2.002518634855916,0.46085418148678514
563,,,,,,,,,,,1.530135702295184,1.6706410811497614,2.6124505587855285,1.530135702295184,2.6124505587855285,1.937742447410158,0.4805265979725136,0.3782771535580524,0.4044943820224719,0.07434944237918216,0.07434944237918216,0.4044943820224719,0.28570699265323546,0.14983512340897828,1.791315179192618,1.6487163367789337,2.650570676229257,1.6487163367789337,2.650570676229257,2.0302007307336027,0.44251384868735383
564,,,,,,,,,,,1.5775642967545378,1.6125090158902682,2.6124505587855285,1.5775642967545378,2.6124505587855285,1.9341746238101116,0.4798256393899426,0.38202247191011235,0.41198501872659177,0.07434944237918216,0.07434944237918216,0.41198501872659177,0.2894523110052954,0.1525917682823894,1.8068922936693113,1.6132750511169434,2.650570676229257,1.6132750511169434,2.650570676229257,2.023579340338504,0.4503409897806691
565,,,,,,,,,,,1.5619142531660224,1.5968976424290584,2.6124505587855285,1.5619142531660224,2.6124505587855285,1.9237541514602032,0.48719128035313475,0.3295880149812734,0.41947565543071164,0.07434944237918216,0.07434944237918216,0.41947565543071164,0.27447103759705577,0.14618809032841149,1.9024508892373646,1.631484608525194,2.650570676229257,1.631484608525194,2.650570676229257,2.061502057997272,0.4309733627190525
566,,,,,,,,,,,1.4801124467427509,1.6134568196076613,2.6124505587855285,1.4801124467427509,2.6124505587855285,1.902006608378647,0.5053006599678952,0.3595505617977528,0.40823970037453183,0.07434944237918216,0.07434944237918216,0.40823970037453183,0.28071323485048894,0.14726884528234435,1.8249972576505682,1.6170017036159388,2.650570676229257,1.6170017036159388,2.650570676229257,2.0308565458319214,0.44635541905910037
567,,,,,,,,,,,1.548187024095405,1.6167657320316022,2.6124505587855285,1.548187024095405,2.6124505587855285,1.9258011049708452,0.486341008013617,0.34831460674157305,0.41947565543071164,0.07434944237918216,0.07434944237918216,0.41947565543071164,0.280713234850489,0.14878504594434197,1.763085125537401,1.5958710011471524,2.650570676229257,1.5958710011471524,2.650570676229257,2.0031756009712702,0.46283937346925613
568,,,,,,,,,,,1.5766097354246402,1.6030338599131657,2.6124505587855285,1.5766097354246402,2.6124505587855285,1.930698051374445,0.482192506239103,0.352059925093633,0.3857677902621723,0.07434944237918216,0.07434944237918216,0.3857677902621723,0.27072571924499583,0.13953920985470744,1.8192298407858232,1.6546459421236417,2.650570676229257,1.6546459421236417,2.650570676229257,2.041482153046241,0.4359002842620942
569,,,,,,,,,,,1.577679863448781,1.643726082948538,2.6124505587855285,1.577679863448781,2.6124505587855285,1.9446188350609492,0.4729974870879405,0.3333333333333333,0.39325842696629215,0.07434944237918216,0.07434944237918216,0.39325842696629215,0.2669804008929359,0.13839019436644912,1.851931156737081,1.6512445510549938,2.650570676229257,1.6512445510549938,2.650570676229257,2.051248794673777,0.4316316459733151
570,,,,,,,,,,,1.5464393821786067,1.6107472291359535,2.6124505587855285,1.5464393821786067,2.6124505587855285,1.9232123900333626,0.48807158951920254,0.35580524344569286,0.4232209737827715,0.07434944237918216,0.07434944237918216,0.4232209737827715,0.2844585532025488,0.15109731745348703,1.7922111401397192,1.5866664264086034,2.650570676229257,1.5866664264086034,2.650570676229257,2.00981608092586,0.46078700494372804
571,,,,,,,,,,,1.5785390353179873,1.6062720280427198,2.6124505587855285,1.5785390353179873,2.6124505587855285,1.9324205407154118,0.4809871092026617,0.35580524344569286,0.40823970037453183,0.07434944237918216,0.07434944237918216,0.40823970037453183,0.2794647953998023,0.1466096270189098,1.782255925042799,1.6277003073960208,2.650570676229257,1.6277003073960208,2.650570676229257,2.0201756362226924,0.4502001699875313
572,,,,,,,,,,,1.5506506931104835,1.6085571949298565,2.6124505587855285,1.5506506931104835,2.6124505587855285,1.9238861489419563,0.48746213570263386,0.34831460674157305,0.40823970037453183,0.07434944237918216,0.07434944237918216,0.40823970037453183,0.27696791649842906,0.14534657145948013,1.8133848405509405,1.5802185593472884,2.650570676229257,1.5802185593472884,2.650570676229257,2.0147246920424955,0.4595771356202779
573,,,,,,,,,,,1.5471013630664154,1.6237254949716422,2.6124505587855285,1.5471013630664154,2.6124505587855285,1.9277591389411952,0.4851594718604691,0.36329588014981273,0.4044943820224719,0.07434944237918216,0.07434944237918216,0.4044943820224719,0.28071323485048894,0.14688734974234122,1.7548898904957575,1.6237399417362857,2.650570676229257,1.6237399417362857,2.650570676229257,2.0097335028204335,0.4562925153757263
574,,,,,,,,,,,1.529722873756126,1.6418528923621545,2.6124505587855285,1.529722873756126,2.6124505587855285,1.9280087749679364,0.4861335220181816,0.32209737827715357,0.4044943820224719,0.07434944237918216,0.07434944237918216,0.4044943820224719,0.2669804008929359,0.14030284195267778,1.8588850261566792,1.621247795190704,2.650570676229257,1.621247795190704,2.650570676229257,2.0435678325255466,0.44004333315677546
575,,,,,,,,,,,1.5371258273735082,1.5838922665669368,2.6124505587855285,1.5371258273735082,2.6124505587855285,1.9111562175753243,0.49625738598620955,0.33707865168539325,0.42696629213483145,0.07434944237918216,0.07434944237918216,0.42696629213483145,0.2794647953998023,0.14960877427471084,1.8068726794996512,1.597731286666813,2.650570676229257,1.597731286666813,2.650570676229257,2.0183915474652405,0.4550991603908158
576,,,,,,,,,,,1.5682122840459125,1.638455394598154,2.6124505587855285,1.5682122840459125,2.6124505587855285,1.9397060791431986,0.47656575258959866,0.352059925093633,0.42696629213483145,0.07434944237918216,0.07434944237918216,0.42696629213483145,0.28445855320254887,0.1516841450604227,1.804834380578459,1.6362361403440269,2.650570676229257,1.6362361403440269,2.650570676229257,2.0305470657172475,0.4437929696354655
577,,,,,,,,,,,1.5548366531944826,1.5934089715664204,2.6124505587855285,1.5548366531944826,2.6124505587855285,1.9202320611821435,0.48972563220260507,0.37453183520599254,0.4307116104868914,0.07434944237918216,0.07434944237918216,0.4307116104868914,0.2931976293573553,0.15643942064023414,1.788577677605304,1.5904419873091165,2.650570676229257,1.5904419873091165,2.650570676229257,2.0098634470478927,0.46021281532658553
578,,,,,,,,,,,1.5771341514885713,1.643295352275555,2.6124505587855285,1.5771341514885713,2.6124505587855285,1.9442933541832181,0.4732299396479996,0.42696629213483145,0.43820224719101125,0.07434944237918216,0.07434944237918216,0.43820224719101125,0.31317266056834164,0.16893580404239608,1.651091607768884,1.560246508666192,2.650570676229257,1.560246508666192,2.650570676229257,1.953969597554778,0.4939655892978651
579,,,,,,,,,,,1.5650937939860479,1.5428655972847571,2.6124505587855285,1.5428655972847571,2.6124505587855285,1.9068033166854448,0.49905046230799727,0.4044943820224719,0.42696629213483145,0.07434944237918216,0.07434944237918216,0.42696629213483145,0.30193670551216184,0.16118978139922432,1.7470373183153989,1.603667196709565,2.650570676229257,1.603667196709565,2.650570676229257,2.000425063751407,0.46343337242115473
580,,,,,,,,,,,1.5766824494197578,1.5638620945123525,2.6124505587855285,1.5638620945123525,2.6124505587855285,1.917665034239213,0.4913154344643314,0.40823970037453183,0.4157303370786517,0.07434944237918216,0.07434944237918216,0.4157303370786517,0.29943982661078855,0.15919231182170288,1.7151147631670205,1.5630146434691068,2.650570676229257,1.5630146434691068,2.650570676229257,1.9762333609551284,0.48085460219722
581,,,,,,,,,,,1.4988440864928303,1.5984133647038385,2.6124505587855285,1.4988440864928303,2.6124505587855285,1.9032360033273992,0.5031351538411386,0.3895131086142322,0.41198501872659177,0.07434944237918216,0.07434944237918216,0.41198501872659177,0.2919491899066687,0.15413951316700922,1.710202584105931,1.6080150698008162,2.650570676229257,1.6080150698008162,2.650570676229257,1.9895961100453345,0.4692377541477829
582,,,,,,,,,,,1.5364604249840408,1.5915562721399161,2.6124505587855285,1.5364604249840408,2.6124505587855285,1.9134890853031619,0.4947519541163611,0.39325842696629215,0.4419475655430712,0.07434944237918216,0.07434944237918216,0.4419475655430712,0.3031851449628485,0.1630275889464875,1.7603935306884824,1.5667673407422469,2.650570676229257,1.5667673407422469,2.650570676229257,1.992577182553329,0.4719388051065974
583,,,,,,,,,,,1.5379908788766392,1.6406476809428288,2.6124505587855285,1.5379908788766392,2.6124505587855285,1.9303630395349989,0.48412611489887664,0.352059925093633,0.41198501872659177,0.07434944237918216,0.07434944237918216,0.41198501872659177,0.27946479539980235,0.14708724224148956,1.7897429372487443,1.6191238664955683,2.650570676229257,1.6191238664955683,2.650570676229257,2.019812493324523,0.45141970921536767
584,,,,,,,,,,,1.5513290735938665,1.5783884341900165,2.6124505587855285,1.5513290735938665,2.6124505587855285,1.9140560221898035,0.4939630544949935,0.3258426966292135,0.4232209737827715,0.07434944237918216,0.07434944237918216,0.4232209737827715,0.27447103759705577,0.14698553640808476,1.8510102596175804,1.5905041377642628,2.650570676229257,1.5905041377642628,2.650570676229257,2.0306950245370334,0.4510360130125665
585,,,,,,,,,,,1.5055954686372297,1.6061822891235351,2.6124505587855285,1.5055954686372297,2.6124505587855285,1.9080761055154312,0.49975791134544834,0.37453183520599254,0.44569288389513106,0.07434944237918216,0.07434944237918216,0.44569288389513106,0.2981913871601019,0.1609241765451724,1.790696047665028,1.564913482255257,2.650570676229257,1.564913482255257,2.650570676229257,2.002060068716514,0.46773849371428666
586,,,,,,,,,,,1.5272955525024678,1.5839388407193697,2.6124505587855285,1.5272955525024678,2.6124505587855285,1.9078949840024553,0.49873241589282163,0.38202247191011235,0.4232209737827715,0.07434944237918216,0.07434944237918216,0.4232209737827715,0.2931976293573553,0.1556603692806082,1.78911776265848,1.6060265396418196,2.650570676229257,1.6060265396418196,2.650570676229257,2.0152383261765188,0.4554236088552323
587,,,,,,,,,,,1.5194860219496507,1.6191763767829308,2.6124505587855285,1.5194860219496507,2.6124505587855285,1.9170376525060366,0.4934125213765612,0.36329588014981273,0.449438202247191,0.07434944237918216,0.07434944237918216,0.449438202247191,0.2956945082587286,0.16041686020282217,1.7965934633762202,1.553340176071567,2.650570676229257,1.553340176071567,2.650570676229257,2.0001681052256814,0.4705037504081315
588,,,,,,,,,,,1.496244737916089,1.6106838171298687,2.6124505587855285,1.496244737916089,2.6124505587855285,1.9064597046104954,0.501392321671642,0.36704119850187267,0.4044943820224719,0.07434944237918216,0.07434944237918216,0.4044943820224719,0.2819616743011756,0.1475981354256225,1.763963919453853,1.6252049319306563,2.650570676229257,1.6252049319306563,2.650570676229257,2.013246509204589,0.4542026600244148
589,,,,,,,,,,,1.5013425472955273,1.5886902717443614,2.6124505587855285,1.5013425472955273,2.6124505587855285,1.9008277926084725,0.504455235706606,0.3895131086142322,0.42696629213483145,0.07434944237918216,0.07434944237918216,0.42696629213483145,0.29694294770941526,0.15813830803099188,1.7368241981620647,1.545344105374054,2.650570676229257,1.545344105374054,2.650570676229257,1.9775796599217916,0.48225431569276284
590,,,,,,,,,,,1.5330095764991754,1.597944219295795,2.6124505587855285,1.5330095764991754,2.6124505587855285,1.9144681181934995,0.4942595421367772,0.352059925093633,0.4344569288389513,0.07434944237918216,0.07434944237918216,0.4344569288389513,0.28695543210392216,0.1540525812975961,1.8329275667890628,1.5691725421934093,2.650570676229257,1.5691725421934093,2.650570676229257,2.0175569284039097,0.46037773038508484
591,,,,,,,,,,,1.5129950675285126,1.60251050729018,2.6124505587855285,1.5129950675285126,2.6124505587855285,1.9093187112014072,0.4985305405584338,0.40823970037453183,0.4307116104868914,0.07434944237918216,0.07434944237918216,0.4307116104868914,0.30443358441353513,0.16295251045992454,1.712658111968737,1.597381941834639,2.650570676229257,1.597381941834639,2.650570676229257,1.986870243344211,0.4716607872253424
592,,,,,,,,,,,1.4734964303034102,1.5763489631506113,2.6124505587855285,1.4734964303034102,2.6124505587855285,1.88743198407985,0.5143822256710544,0.38202247191011235,0.4157303370786517,0.07434944237918216,0.07434944237918216,0.4157303370786517,0.29070075045598204,0.1536011532583917,1.7663760145058793,1.5804052879747827,2.650570676229257,1.5804052879747827,2.650570676229257,1.9991173262366395,0.4668617769704996
593,,,,,,,,,,,1.5337887737932288,1.5521588197121254,2.6124505587855285,1.5337887737932288,2.6124505587855285,1.8994660507636276,0.5042119568568955,0.37453183520599254,0.4044943820224719,0.07434944237918216,0.07434944237918216,0.4044943820224719,0.28445855320254887,0.14907228088228827,1.743740401910932,1.6325495332367859,2.650570676229257,1.6325495332367859,2.650570676229257,2.008953537125658,0.4559570646546617
594,,,,,,,,,,,1.475209818308576,1.5882378798264725,2.6124505587855285,1.475209818308576,2.6124505587855285,1.8919660856401925,0.5115448776046,0.3408239700374532,0.42696629213483145,0.07434944237918216,0.07434944237918216,0.42696629213483145,0.28071323485048894,0.1500991584396518,1.8469470498267184,1.5709943615095445,2.650570676229257,1.5709943615095445,2.650570676229257,2.0228373625218397,0.45794781827987036
595,,,,,,,,,,,1.543747493575925,1.6537272526667668,2.6124505587855285,1.543747493575925,2.6124505587855285,1.9366417683427402,0.47997362967995677,0.34831460674157305,0.41198501872659177,0.07434944237918216,0.07434944237918216,0.41198501872659177,0.2782163559491157,0.14648041775150597,1.828253297770068,1.616579664780406,2.650570676229257,1.616579664780406,2.650570676229257,2.031801212926577,0.44598816745340947
596,,,,,,,,,,,1.5042648392301896,1.5581798498447126,2.6124505587855285,1.5042648392301896,2.6124505587855285,1.89163174928681,0.5101709022068017,0.36704119850187267,0.3857677902621723,0.07434944237918216,0.07434944237918216,0.3857677902621723,0.2757194770477424,0.1425952066902486,1.7139412548658106,1.6006462024838737,2.650570676229257,1.6006462024838737,2.650570676229257,1.9883860445263137,0.47051412098627354
597,,,,,,,,,,,1.5049581887403054,1.5314836226976836,2.6124505587855285,1.5049581887403054,2.6124505587855285,1.8829641234078391,0.5159384615834803,0.3295880149812734,0.3970037453183521,0.07434944237918216,0.07434944237918216,0.3970037453183521,0.2669804008929359,0.13896338800241848,1.902856669622414,1.5896615892760315,2.650570676229257,1.5896615892760315,2.650570676229257,2.047696311709234,0.44505873330371454
598,,,,,,,,,,,1.5205037590399513,1.6299860844245324,2.6124505587855285,1.5205037590399513,2.6124505587855285,1.9209801340833372,0.4909820811878136,0.3595505617977528,0.449438202247191,0.07434944237918216,0.07434944237918216,0.449438202247191,0.29444606880804197,0.15989963664835863,1.818097496300601,1.5669798538479465,2.650570676229257,1.5669798538479465,2.650570676229257,2.0118826754592685,0.4631103463419338
599,,,,,,,,,,,1.578188616800354,1.616583514213562,2.6124505587855285,1.578188616800354,2.6124505587855285,1.9357408965998149,0.4787626532416452,0.41198501872659177,0.4307116104868914,0.07434944237918216,0.07434944237918216,0.4307116104868914,0.3056820238642218,0.16375539431753813,1.700200999274236,1.5925312671768532,2.650570676229257,1.5925312671768532,2.650570676229257,1.9811009808934488,0.4754229327887929
600,,,,,,,,,,,1.5213481935316606,1.5600882310133715,2.6124505587855285,1.5213481935316606,2.6124505587855285,1.8979623277768536,0.5054669602215693,0.3895131086142322,0.4344569288389513,0.07434944237918216,0.07434944237918216,0.4344569288389513,0.29943982661078855,0.1602170351934049,1.7252480019344372,1.559549081191588,2.650570676229257,1.559549081191588,2.650570676229257,1.978455919785094,0.48004702370797914
601,,,,,,,,,,,1.5102189982361927,1.5932321805220384,2.6124505587855285,1.5102189982361927,2.6124505587855285,1.9053005791812534,0.5011776912759591,0.3970037453183521,0.41198501872659177,0.07434944237918216,0.07434944237918216,0.41198501872659177,0.29444606880804197,0.15575194672353626,1.7337310872274392,1.5782594729898574,2.650570676229257,1.5782594729898574,2.650570676229257,1.9875204121488512,0.47312408184409854
602,,,,,,,,,,,1.529942138133081,1.5923082645122821,2.6124505587855285,1.529942138133081,2.6124505587855285,1.9115669871436307,0.49625310691085467,0.3707865168539326,0.3707865168539326,0.07434944237918216,0.07434944237918216,0.3707865168539326,0.2719741586956825,0.1397417770374651,1.7815416604838568,1.6758327354652605,2.650570676229257,1.6758327354652605,2.650570676229257,2.035981690726125,0.4367175365026948
603,,,,,,,,,,,1.4918247297248437,1.5945138692855836,2.6124505587855285,1.4918247297248437,2.6124505587855285,1.899596385931985,0.5058043552349487,0.39325842696629215,0.41947565543071164,0.07434944237918216,0.07434944237918216,0.41947565543071164,0.2956945082587286,0.15688013345439775,1.7139512162083543,1.5737188679448675,2.650570676229257,1.5737188679448675,2.650570676229257,1.9794135867941598,0.47802033213320994
604,,,,,,,,,,,1.5030752269549366,1.6737686267265908,2.6124505587855285,1.5030752269549366,2.6124505587855285,1.9297648041556854,0.4877355423193258,0.34831460674157305,0.40823970037453183,0.07434944237918216,0.07434944237918216,0.40823970037453183,0.27696791649842906,0.14534657145948013,1.8533055143856376,1.6437434243798703,2.650570676229257,1.6437434243798703,2.650570676229257,2.0492065383315885,0.43374968753414384
605,,,,,,,,,,,1.5228786896466062,1.5934785164319551,2.6124505587855285,1.5228786896466062,2.6124505587855285,1.90960258828803,0.49782362078007086,0.3857677902621723,0.39325842696629215,0.07434944237918216,0.07434944237918216,0.39325842696629215,0.28445855320254887,0.14860104586396786,1.7465678011433463,1.5634733067916127,2.650570676229257,1.5634733067916127,2.650570676229257,1.9868705947214054,0.47522222669022685
606,,,,,,,,,,,1.4801234685537101,1.559574321600107,2.6124505587855285,1.4801234685537101,2.6124505587855285,1.8840494496464484,0.5160776694508502,0.3595505617977528,0.4232209737827715,0.07434944237918216,0.07434944237918216,0.4232209737827715,0.28570699265323546,0.15169594783419504,1.8233688583088279,1.5711076848962333,2.650570676229257,1.5711076848962333,2.650570676229257,2.015015739811439,0.46105421431516924
607,,,,,,,,,,,1.5319989939167364,1.561919590143057,2.6124505587855285,1.5319989939167364,2.6124505587855285,1.9021230476151072,0.5024259085436101,0.44569288389513106,0.4344569288389513,0.07434944237918216,0.07434944237918216,0.44569288389513106,0.31816641837108817,0.1724656487688382,1.643402829152368,1.564262688383181,2.650570676229257,1.564262688383181,2.650570676229257,1.9527453979216023,0.49449359938837695
608,,,,,,,,,,,1.53419895247844,1.5542719951042763,2.6124505587855285,1.53419895247844,2.6124505587855285,1.9003071687894149,0.5036280953881427,0.40823970037453183,0.41947565543071164,0.07434944237918216,0.07434944237918216,0.41947565543071164,0.3006882660614752,0.16011143827746813,1.7003459867913178,1.5573197607690474,2.650570676229257,1.5573197607690474,2.650570676229257,1.9694121412632075,0.4851782061953214
609,,,,,,,,,,,1.5164525474460224,1.5636178878637461,2.6124505587855285,1.5164525474460224,2.6124505587855285,1.8975069980317656,0.5059080045697583,0.40823970037453183,0.41198501872659177,0.07434944237918216,0.07434944237918216,0.41198501872659177,0.2981913871601019,0.15828754222378086,1.7343776163536957,1.5844986443215987,2.650570676229257,1.5844986443215987,2.650570676229257,1.9898156456348506,0.4712139177388623
610,,,,,,,,,,,1.4896185913834008,1.5807503095039954,2.6124505587855285,1.4896185913834008,2.6124505587855285,1.894273153224308,0.5091891180467802,0.3595505617977528,0.4344569288389513,0.07434944237918216,0.07434944237918216,0.4344569288389513,0.2894523110052954,0.1551443930111879,1.7449404612909096,1.552378674124957,2.650570676229257,1.552378674124957,2.650570676229257,1.9826299372150415,0.4788031144393828
611,,,,,,,,,,,1.4822585094537266,1.5861933323053212,2.6124505587855285,1.4822585094537266,2.6124505587855285,1.893634133514859,0.5100479727630048,0.39325842696629215,0.42696629213483145,0.07434944237918216,0.07434944237918216,0.42696629213483145,0.2981913871601019,0.1588772423938964,1.6915924861636502,1.5652997149956807,2.650570676229257,1.5652997149956807,2.650570676229257,1.9691542924628624,0.48458482715363255
612,,,,,,,,,,,1.5005031337063397,1.598571489407466,2.6124505587855285,1.5005031337063397,2.6124505587855285,1.9038417272997783,0.5026590677866268,0.40074906367041196,0.42696629213483145,0.07434944237918216,0.07434944237918216,0.42696629213483145,0.3006882660614752,0.16040320673540578,1.6435816850555076,1.57313282079018,2.650570676229257,1.57313282079018,2.650570676229257,1.9557617273583148,0.4921452137952959
613,,,,,,,,,,,1.5063637234593263,1.5790324247800387,2.6124505587855285,1.5063637234593263,2.6124505587855285,1.8992822356749646,0.505158046459495,0.38202247191011235,0.42696629213483145,0.07434944237918216,0.07434944237918216,0.42696629213483145,0.29444606880804197,0.15670966885320503,1.6987786185875366,1.547819858633177,2.650570676229257,1.547819858633177,2.650570676229257,1.9657230511499904,0.4881661868559883
614,,,,,,,,,,,1.534264860758997,1.5632972680605375,2.6124505587855285,1.534264860758997,2.6124505587855285,1.903337562535021,0.5015586713814977,0.37453183520599254,0.41198501872659177,0.07434944237918216,0.07434944237918216,0.41198501872659177,0.28695543210392216,0.15111069979562247,1.687119722366333,1.580752855383055,2.650570676229257,1.580752855383055,2.650570676229257,1.9728144179928817,0.48120933544691263
615,,,,,,,,,,,1.481189704606806,1.6827143247310932,2.6124505587855285,1.481189704606806,2.6124505587855285,1.9254515293744758,0.4926992273438605,0.41198501872659177,0.4307116104868914,0.07434944237918216,0.07434944237918216,0.4307116104868914,0.3056820238642218,0.16375539431753813,1.6093746414791779,1.5369622287678808,2.650570676229257,1.5369622287678808,2.650570676229257,1.9323025154921052,0.5087519057623379
616,,,,,,,,,,,1.4804405773684195,1.6081824155954214,2.6124505587855285,1.4804405773684195,2.6124505587855285,1.900357850583123,0.5062189994555587,0.3782771535580524,0.42696629213483145,0.07434944237918216,0.07434944237918216,0.42696629213483145,0.2931976293573553,0.15602041482139933,1.7221108911635723,1.600839465744933,2.650570676229257,1.600839465744933,2.650570676229257,1.9911736777125875,0.4688851962512514
617,,,,,,,,,,,1.449252113628204,1.6021627041009756,2.6124505587855285,1.449252113628204,2.6124505587855285,1.887955125504903,0.5160850296886125,0.41947565543071164,0.42696629213483145,0.07434944237918216,0.07434944237918216,0.42696629213483145,0.3069304633149084,0.16448804593685387,1.5985209276613672,1.598968378613504,2.650570676229257,1.5985209276613672,2.650570676229257,1.9493533275013764,0.4958355760201209
618,,,,,,,,,,,1.4977339151619258,1.622870867068951,2.6124505587855285,1.4977339151619258,2.6124505587855285,1.9110184470054683,0.49861145177403843,0.37453183520599254,0.4307116104868914,0.07434944237918216,0.07434944237918216,0.4307116104868914,0.2931976293573553,0.15643942064023414,1.7595948338062128,1.583170859108257,2.650570676229257,1.583170859108257,2.650570676229257,1.9977787897145756,0.46717897358264737
619,,,,,,,,,,,1.441591725083242,1.5725532073241013,2.6124505587855285,1.441591725083242,2.6124505587855285,1.8755318303976238,0.5238158942760427,0.36329588014981273,0.4307116104868914,0.07434944237918216,0.07434944237918216,0.4307116104868914,0.2894523110052954,0.15457070279240634,1.7827474959334184,1.588120911898238,2.650570676229257,1.588120911898238,2.650570676229257,2.0071463613536378,0.46185568708069463
620,,,,,,,,,,,1.4757117671503024,1.6107998279424813,2.6124505587855285,1.4757117671503024,2.6124505587855285,1.8996540512927709,0.5070314532403637,0.3258426966292135,0.41947565543071164,0.07434944237918216,0.07434944237918216,0.41947565543071164,0.2732225981463691,0.14572732941371613,1.8487056507153456,1.5884636207466267,2.650570676229257,1.5884636207466267,2.650570676229257,2.02924664923041,0.4520060017559561
621,,,,,,,,,,,1.5075532841613593,1.5748906539036678,2.6124505587855285,1.5075532841613593,2.6124505587855285,1.8982981656168516,0.5057297109737335,0.40074906367041196,0.41947565543071164,0.07434944237918216,0.07434944237918216,0.41947565543071164,0.2981913871601019,0.15846468269453076,1.7260324079892162,1.592722976252381,2.650570676229257,1.592722976252381,2.650570676229257,1.9897753534902847,0.4704116601890848
622,,,,,,,,,,,1.4672500137185913,1.569398487531222,2.6124505587855285,1.4672500137185913,2.6124505587855285,1.8830330200117806,0.5174592010188671,0.3970037453183521,0.42696629213483145,0.07434944237918216,0.07434944237918216,0.42696629213483145,0.29943982661078855,0.1596322844499854,1.7447634649633914,1.572504828931687,2.650570676229257,1.572504828931687,2.650570676229257,1.9892796567081117,0.4728619381287824
623,,,,,,,,,,,1.481618182376902,1.572854861846337,2.6124505587855285,1.481618182376902,2.6124505587855285,1.8889745343362556,0.5129289758402851,0.3895131086142322,0.4419475655430712,0.07434944237918216,0.07434944237918216,0.4419475655430712,0.30193670551216184,0.16234595739474733,1.710324997759044,1.584533746322889,2.650570676229257,1.584533746322889,2.650570676229257,1.9818098067703966,0.47566562844362054
624,,,,,,,,,,,1.5053996580856368,1.5800086681659404,2.6124505587855285,1.5053996580856368,2.6124505587855285,1.8992862950123683,0.5052023201573971,0.42696629213483145,0.41947565543071164,0.07434944237918216,0.07434944237918216,0.42696629213483145,0.3069304633149084,0.16448804593685387,1.6323038111911732,1.5735974776164423,2.650570676229257,1.5735974776164423,2.650570676229257,1.9521573216789576,0.49443403251333656
625,,,,,,,,,,,1.43784454077683,1.6022973225666926,2.6124505587855285,1.43784454077683,2.6124505587855285,1.884197474043017,0.5193108227496283,0.40823970037453183,0.40823970037453183,0.07434944237918216,0.07434944237918216,0.40823970037453183,0.29694294770941526,0.15739737706709175,1.6675742592257954,1.6137962060028248,2.650570676229257,1.6137962060028248,2.650570676229257,1.9773137138192922,0.47657054240145996
626,,,,,,,,,,,1.4908964947167214,1.5957476634245653,2.6124505587855285,1.4908964947167214,2.6124505587855285,1.8996982389756052,0.505806513692519,0.35580524344569286,0.42696629213483145,0.07434944237918216,0.07434944237918216,0.42696629213483145,0.28570699265323546,0.1522497602757198,1.723600030838327,1.5589537406235598,2.650570676229257,1.5589537406235598,2.650570676229257,1.9777081492303814,0.48051020481696055
627,,,,,,,,,,,1.48342305576721,1.5675866585511429,2.6124505587855285,1.48342305576721,2.6124505587855285,1.8878200910346272,0.5135418607429911,0.36704119850187267,0.41947565543071164,0.07434944237918216,0.07434944237918216,0.41947565543071164,0.28695543210392216,0.15185151347831594,1.693226722742288,1.557793355166689,2.650570676229257,1.557793355166689,2.650570676229257,1.9671969180460778,0.486371133527521
628,,,,,,,,,,,1.4658411562270677,1.5427017321953407,2.6124505587855285,1.4658411562270677,2.6124505587855285,1.8736644824026456,0.5233421678834698,0.40074906367041196,0.41947565543071164,0.07434944237918216,0.07434944237918216,0.41947565543071164,0.2981913871601019,0.15846468269453076,1.6621018826738279,1.5682287314411407,2.650570676229257,1.5682287314411407,2.650570676229257,1.960300430114742,0.4895969782272176
629,,,,,,,,,,,1.428318476653994,1.5977071010149442,2.6124505587855285,1.428318476653994,2.6124505587855285,1.879492045484822,0.5228730012668532,0.34831460674157305,0.4307116104868914,0.07434944237918216,0.07434944237918216,0.4307116104868914,0.28445855320254887,0.15233011388601805,1.7840540685903714,1.549233959408735,2.650570676229257,1.549233959408735,2.650570676229257,1.9946195680761214,0.4736306670353418
630,,,,,,,,,,,1.4632035698078365,1.5857710599899293,2.6124505587855285,1.4632035698078365,2.6124505587855285,1.8871417295277648,0.5153059743245335,0.36329588014981273,0.41947565543071164,0.07434944237918216,0.07434944237918216,0.41947565543071164,0.2857069926532355,0.1512019672073081,1.748922617694412,1.5988062004025063,2.650570676229257,1.5988062004025063,2.650570676229257,1.999433164775392,0.4644845019315419
631,,,,,,,,,,,1.5366282627144263,1.5764558792114258,2.6124505587855285,1.5366282627144263,2.6124505587855285,1.9085115669037933,0.49802552677385453,0.3707865168539326,0.4157303370786517,0.07434944237918216,0.07434944237918216,0.4157303370786517,0.28695543210392216,0.15145068921208898,1.7473303106393707,1.5803651470370061,2.650570676229257,1.5803651470370061,2.650570676229257,1.992755377968545,0.47011350858671264
632,,,,,,,,,,,1.4687407119441651,1.5530624463008,2.6124505587855285,1.4687407119441651,2.6124505587855285,1.8780845723434976,0.5204149563911861,0.3445692883895131,0.45692883895131087,0.07434944237918216,0.07434944237918216,0.45692883895131087,0.2919491899066687,0.16055820282923722,1.7267998992727045,1.5375715114650654,2.650570676229257,1.5375715114650654,2.650570676229257,1.9716473623223425,0.48624719043769626
633,,,,,,,,,,,1.4512462436407088,1.5566384553909303,2.6124505587855285,1.4512462436407088,2.6124505587855285,1.873445085939056,0.5243241340031182,0.3595505617977528,0.41947565543071164,0.07434944237918216,0.07434944237918216,0.41947565543071164,0.28445855320254887,0.1505703225516659,1.7288061331273912,1.5574379770943287,2.650570676229257,1.5574379770943287,2.650570676229257,1.9789382621503258,0.48004120375697124
634,,,,,,,,,,,1.4247013429705058,1.5420841638858502,2.6124505587855285,1.4247013429705058,2.6124505587855285,1.8597453552139616,0.534395935784381,0.4157303370786517,0.41947565543071164,0.07434944237918216,0.07434944237918216,0.41947565543071164,0.3031851449628485,0.1618185010747323,1.6556297763903043,1.5638388502463867,2.650570676229257,1.5638388502463867,2.650570676229257,1.9566797676219825,0.49208389414574505
635,,,,,,,,,,,1.477826526236144,1.5525841933030349,2.6124505587855285,1.477826526236144,2.6124505587855285,1.880953759441569,0.5181459593487557,0.39325842696629215,0.43820224719101125,0.07434944237918216,0.07434944237918216,0.43820224719101125,0.30193670551216184,0.161971105446554,1.7014216448037365,1.5455765116973763,2.650570676229257,1.5455765116973763,2.650570676229257,1.9658562775767898,0.48832863399541504
636,,,,,,,,,,,1.417235711713154,1.5294467944365282,2.6124505587855285,1.417235711713154,2.6124505587855285,1.8530443549784035,0.5389317634958062,0.3895131086142322,0.4157303370786517,0.07434944237918216,0.07434944237918216,0.4157303370786517,0.2931976293573553,0.15511873403904503,1.6946132241116927,1.5801861933554604,2.650570676229257,1.5801861933554604,2.650570676229257,1.97512336456547,0.47989248064352896
637,,,,,,,,,,,1.494402769784496,1.5529910912880531,2.6124505587855285,1.494402769784496,2.6124505587855285,1.8866148066193589,0.5138004166315442,0.36329588014981273,0.4044943820224719,0.07434944237918216,0.07434944237918216,0.4044943820224719,0.28071323485048894,0.14688734974234122,1.7439704901270205,1.5453145950474543,2.650570676229257,1.5453145950474543,2.650570676229257,1.9799519204679108,0.4810843154421328
638,,,,,,,,,,,1.4945033921773212,1.5587538168980526,2.6124505587855285,1.4945033921773212,2.6124505587855285,1.888569255953634,0.5125330133831375,0.44569288389513106,0.43820224719101125,0.07434944237918216,0.07434944237918216,0.44569288389513106,0.3194148578217748,0.1733143979287279,1.5661724314707495,1.5726496141948056,2.650570676229257,1.5661724314707495,2.650570676229257,1.9297975739649373,0.5096704079990053
639,,,,,,,,,,,1.487659172098492,1.5691949844360351,2.6124505587855285,1.487659172098492,2.6124505587855285,1.8897682384400187,0.512096556180807,0.46441947565543074,0.4344569288389513,0.07434944237918216,0.07434944237918216,0.46441947565543074,0.3244086156245214,0.17724113733562602,1.580015126239048,1.6231380919838665,2.650570676229257,1.580015126239048,2.650570676229257,1.951241298150724,0.49481382480446673
640,,,,,,,,,,,1.5462259524595978,1.5597036343354445,2.6124505587855285,1.5462259524595978,2.6124505587855285,1.9061267151935237,0.49947668680805235,0.3970037453183521,0.41198501872659177,0.07434944237918216,0.07434944237918216,0.41198501872659177,0.29444606880804197,0.15575194672353626,1.6294470168231578,1.5458878059958698,2.650570676229257,1.5458878059958698,2.650570676229257,1.9419684996827613,0.5022172961865166
641,,,,,,,,,,,1.4416768861803673,1.5580290225835947,2.6124505587855285,1.4416768861803673,2.6124505587855285,1.8707188225164968,0.5266301240610929,0.43820224719101125,0.4157303370786517,0.07434944237918216,0.07434944237918216,0.43820224719101125,0.3094273422162817,0.1664781485759028,1.5868337618724238,1.5750780083266984,2.650570676229257,1.5750780083266984,2.650570676229257,1.93749414880946,0.5042440876554163
642,,,,,,,,,,,1.473081884244179,1.5147581742360041,2.6124505587855285,1.473081884244179,2.6124505587855285,1.8667635390885706,0.5275547850193818,0.4344569288389513,0.4344569288389513,0.07434944237918216,0.07434944237918216,0.4344569288389513,0.3144211000190283,0.1697562970878304,1.581385607130072,1.5621354459376817,2.650570676229257,1.5621354459376817,2.650570676229257,1.93136390976567,0.5086167003889009
643,,,,,,,,,,,1.4286438865771767,1.517586453144367,2.6124505587855285,1.4286438865771767,2.6124505587855285,1.8528936328356906,0.5383138724174867,0.36329588014981273,0.4307116104868914,0.07434944237918216,0.07434944237918216,0.4307116104868914,0.2894523110052954,0.15457070279240634,1.7010587909248438,1.5538293163428145,2.650570676229257,1.5538293163428145,2.650570676229257,1.9684862611656382,0.48603737270634806
644,,,,,,,,,,,1.4526493311846223,1.578975066771874,2.6124505587855285,1.4526493311846223,2.6124505587855285,1.881358318914008,0.5195263517655175,0.41947565543071164,0.4307116104868914,0.07434944237918216,0.07434944237918216,0.4307116104868914,0.30817890276559506,0.16540601375596334,1.6322689565379969,1.5706983862744734,2.650570676229257,1.5706983862744734,2.650570676229257,1.9511793396805757,0.4951827373203802
645,,,,,,,,,,,1.4719253447448208,1.5654816022286049,2.6124505587855285,1.4719253447448208,2.6124505587855285,1.8832858352529847,0.5170100507480883,0.34831460674157305,0.4232209737827715,0.07434944237918216,0.07434944237918216,0.4232209737827715,0.2819616743011756,0.1499552601912792,1.7714248020550731,1.5627800172634339,2.650570676229257,1.5627800172634339,2.650570676229257,1.994925165182588,0.47137136009161135
646,,,,,,,,,,,1.4417442850359825,1.5129265528458815,2.6124505587855285,1.4417442850359825,2.6124505587855285,1.855707132222464,0.5358869215592944,0.4307116104868914,0.4232209737827715,0.07434944237918216,0.07434944237918216,0.4307116104868914,0.3094273422162817,0.16625330403418417,1.6200888210468078,1.5477695599030912,2.650570676229257,1.5477695599030912,2.650570676229257,1.9394763523930518,0.5036856638335365
647,,,,,,,,,,,1.4637957628927516,1.558643337396475,2.6124505587855285,1.4637957628927516,2.6124505587855285,1.8782965530249183,0.5205673787500661,0.3595505617977528,0.4419475655430712,0.07434944237918216,0.07434944237918216,0.4419475655430712,0.2919491899066687,0.15750037915207468,1.7233503552411826,1.5506280964233456,2.650570676229257,1.5506280964233456,2.650570676229257,1.9748497092979285,0.4829819620757013
648,,,,,,,,,,,1.4312782560666095,1.5638100348986113,2.6124505587855285,1.4312782560666095,2.6124505587855285,1.8691796165835832,0.5283495927517559,0.3970037453183521,0.44569288389513106,0.07434944237918216,0.07434944237918216,0.44569288389513106,0.3056820238642218,0.1647801171182101,1.6699020862579346,1.538351208529669,2.650570676229257,1.538351208529669,2.650570676229257,1.952941323672287,0.4962132898391997
649,,,,,,,,,,,1.4677918732338393,1.5759241186655484,2.6124505587855285,1.4677918732338393,2.6124505587855285,1.8853888502283054,0.5160020617937731,0.36704119850187267,0.4307116104868914,0.07434944237918216,0.07434944237918216,0.4307116104868914,0.29070075045598204,0.15517602203195416,1.707465823670005,1.559400080741568,2.650570676229257,1.559400080741568,2.650570676229257,1.97247886021361,0.4832785596098011
650,,,,,,,,,,,1.4496237527188254,1.5582117979343122,2.6124505587855285,1.4496237527188254,2.6124505587855285,1.873428703146222,0.5244443524501928,0.3782771535580524,0.44569288389513106,0.07434944237918216,0.07434944237918216,0.44569288389513106,0.29943982661078855,0.16152498460892373,1.6728159497293194,1.5534264233228419,2.650570676229257,1.5534264233228419,2.650570676229257,1.9589376830938061,0.49148117132400093
651,,,,,,,,,,,1.4838574104749662,1.5246825181520902,2.6124505587855285,1.4838574104749662,2.6124505587855285,1.873663495804195,0.5226671443507495,0.3595505617977528,0.4232209737827715,0.07434944237918216,0.07434944237918216,0.4232209737827715,0.28570699265323546,0.15169594783419504,1.7258567796664293,1.5312819168362277,2.650570676229257,1.5312819168362277,2.650570676229257,1.9692364575773045,0.4882807132793579
652,,,,,,,,,,,1.426657010490098,1.5609844006024873,2.6124505587855285,1.426657010490098,2.6124505587855285,1.8666973232927047,0.5301709649535157,0.39325842696629215,0.43820224719101125,0.07434944237918216,0.07434944237918216,0.43820224719101125,0.30193670551216184,0.161971105446554,1.6382285852110787,1.5637272471345767,2.650570676229257,1.5637272471345767,2.650570676229257,1.950842169524971,0.49571671995522815
653,,,,,,,,,,,1.454088492159435,1.559193075620211,2.6124505587855285,1.454088492159435,2.6124505587855285,1.8752440421883916,0.5230467343371141,0.42696629213483145,0.43820224719101125,0.07434944237918216,0.07434944237918216,0.43820224719101125,0.31317266056834164,0.16893580404239608,1.5578807212886738,1.5253699066933621,2.650570676229257,1.5253699066933621,2.650570676229257,1.911273768070431,0.5229303185424182
654,,,,,,,,,,,1.4338774638639493,1.5603740728818454,2.6124505587855285,1.4338774638639493,2.6124505587855285,1.8689006985104413,0.5282992485700904,0.3895131086142322,0.41198501872659177,0.07434944237918216,0.07434944237918216,0.41198501872659177,0.2919491899066687,0.15413951316700922,1.676537181107739,1.5656449227743827,2.650570676229257,1.5656449227743827,2.650570676229257,1.9642509267037929,0.4874083655287353
655,,,,,,,,,,,1.4495314639617436,1.5644522666931153,2.6124505587855285,1.4495314639617436,2.6124505587855285,1.8754780964801292,0.5232258947290155,0.40074906367041196,0.4344569288389513,0.07434944237918216,0.07434944237918216,0.4344569288389513,0.3031851449628485,0.16239537991432154,1.6252963895654857,1.542910270923086,2.650570676229257,1.542910270923086,2.650570676229257,1.93959244557261,0.5038613575756614
656,,,,,,,,,,,1.4438776340016501,1.5199873814216027,2.6124505587855285,1.4438776340016501,2.6124505587855285,1.8587718580695938,0.5338363428041263,0.41947565543071164,0.4419475655430712,0.07434944237918216,0.07434944237918216,0.4419475655430712,0.311924221117655,0.1682410538592374,1.6464128936274667,1.5626025266861647,2.650570676229257,1.5626025266861647,2.650570676229257,1.9531953655142962,0.4943044186179202
657,,,,,,,,,,,1.3896246123933471,1.5681473878713754,2.6124505587855285,1.3896246123933471,2.6124505587855285,1.8567408530167502,0.5393146668911972,0.3970037453183521,0.44569288389513106,0.07434944237918216,0.07434944237918216,0.44569288389513106,0.3056820238642218,0.1647801171182101,1.6948660795161787,1.5405645241005144,2.650570676229257,1.5405645241005144,2.650570676229257,1.9620004266153168,0.49095076738302823
658,,,,,,,,,,,1.4084749317031509,1.527440672654372,2.6124505587855285,1.4084749317031509,2.6124505587855285,1.8494553877143503,0.5417006769969743,0.37453183520599254,0.43820224719101125,0.07434944237918216,0.07434944237918216,0.43820224719101125,0.2956945082587286,0.15865835198627495,1.7109297692552488,1.537219958358936,2.650570676229257,1.537219958358936,2.650570676229257,1.9662401346144804,0.4890637260729172
659,,,,,,,,,,,1.4378472547099725,1.5478170780035165,2.6124505587855285,1.4378472547099725,2.6124505587855285,1.8660382971663392,0.5296991528093459,0.36704119850187267,0.46441947565543074,0.07434944237918216,0.07434944237918216,0.46441947565543074,0.30193670551216184,0.1657661082582301,1.687169808127014,1.5096701227323839,2.650570676229257,1.5096701227323839,2.650570676229257,1.9491368690295516,0.5012541431189063
660,,,,,,,,,,,1.4270834927379914,1.5470422928149883,2.6124505587855285,1.4270834927379914,2.6124505587855285,1.8621921147795029,0.5327684475334072,0.3895131086142322,0.4419475655430712,0.07434944237918216,0.07434944237918216,0.4419475655430712,0.30193670551216184,0.16234595739474733,1.6535541805881686,1.592454430315825,2.650570676229257,1.592454430315825,2.650570676229257,1.9655264290444172,0.4850412424537519
661,,,,,,,,,,,1.408834889660212,1.5148459709607638,2.6124505587855285,1.408834889660212,2.6124505587855285,1.845377139802168,0.5441267070102603,0.3857677902621723,0.4232209737827715,0.07434944237918216,0.07434944237918216,0.4232209737827715,0.29444606880804197,0.15638111344400624,1.6599351989196034,1.539198405287239,2.650570676229257,1.539198405287239,2.650570676229257,1.9499014268120334,0.49789382478819594
662,,,,,,,,,,,1.3924843402179647,1.5455527965839093,2.6124505587855285,1.3924843402179647,2.6124505587855285,1.8501625651958011,0.5426292331244559,0.352059925093633,0.4606741573033708,0.07434944237918216,0.07434944237918216,0.4606741573033708,0.2956945082587286,0.1626745042542383,1.7303980271914479,1.5127367750089267,2.650570676229257,1.5127367750089267,2.650570676229257,1.9645684928098772,0.4931486266279387
663,,,,,,,,,,,1.4336772750385458,1.5698112946290237,2.6124505587855285,1.4336772750385458,2.6124505587855285,1.871979709484366,0.5265332701239013,0.3895131086142322,0.4157303370786517,0.07434944237918216,0.07434944237918216,0.4157303370786517,0.2931976293573553,0.15511873403904503,1.6364917094341378,1.5478881963629847,2.650570676229257,1.5478881963629847,2.650570676229257,1.9449835273421268,0.5002349875396161
664,,,,,,,,,,,1.43373617991676,1.553824309202341,2.6124505587855285,1.43373617991676,2.6124505587855285,1.8666703493015433,0.5296202289328398,0.37453183520599254,0.43820224719101125,0.07434944237918216,0.07434944237918216,0.43820224719101125,0.2956945082587286,0.15865835198627495,1.6730923532100206,1.5472346084394706,2.650570676229257,1.5472346084394706,2.650570676229257,1.956965879292916,0.49313673136329333
665,,,,,,,,,,,1.4276827939779742,1.4728335545613216,2.6124505587855285,1.4276827939779742,2.6124505587855285,1.8376556357749412,0.548172738795324,0.37453183520599254,0.4344569288389513,0.07434944237918216,0.07434944237918216,0.4344569288389513,0.29444606880804197,0.1575428998416062,1.718155022864038,1.5410928047551644,2.650570676229257,1.5410928047551644,2.650570676229257,1.9699395012828198,0.4866770691825223
666,,,,,,,,,,,1.4579620948195802,1.5544245683229887,2.6124505587855285,1.4579620948195802,2.6124505587855285,1.8749457406426988,0.5229794577141724,0.3782771535580524,0.45692883895131087,0.07434944237918216,0.07434944237918216,0.45692883895131087,0.3031851449628485,0.16496637230361055,1.6846074517746543,1.5126049746288341,2.650570676229257,1.5126049746288341,2.650570676229257,1.9492610342109151,0.5008476970943001
667,,,,,,,,,,,1.4068834552177452,1.564489722251892,2.6124505587855285,1.4068834552177452,2.6124505587855285,1.861274578751722,0.5350445144016349,0.4157303370786517,0.45318352059925093,0.07434944237918216,0.07434944237918216,0.45318352059925093,0.3144211000190283,0.17044351134694555,1.5723627198501473,1.539511119828242,2.650570676229257,1.539511119828242,2.650570676229257,1.9208148386358819,0.5161895606475112
668,,,,,,,,,,,1.4738154605217457,1.5563328999739428,2.6124505587855285,1.4738154605217457,2.6124505587855285,1.8808663064270723,0.5184039098859741,0.3970037453183521,0.47191011235955055,0.07434944237918216,0.07434944237918216,0.47191011235955055,0.3144211000190283,0.17248872727859696,1.6528023052751348,1.5311403881744499,2.650570676229257,1.5311403881744499,2.650570676229257,1.9448377898929472,0.5014941579324645
669,,,,,,,,,,,1.409231834106427,1.5417492371339065,2.6124505587855285,1.409231834106427,2.6124505587855285,1.8544772100086206,0.5386915713828256,0.3857677902621723,0.449438202247191,0.07434944237918216,0.07434944237918216,0.449438202247191,0.3031851449628485,0.16388576188574291,1.6302579051992867,1.5316519862257139,2.650570676229257,1.5316519862257139,2.650570676229257,1.9374935225514192,0.5058260914168827
670,,,,,,,,,,,1.4638383799269294,1.5044915015880878,2.6124505587855285,1.4638383799269294,2.6124505587855285,1.8602601467668485,0.5321378148718136,0.4419475655430712,0.44569288389513106,0.07434944237918216,0.07434944237918216,0.44569288389513106,0.32066329727246146,0.17417690850909823,1.5877420683478596,1.5669017485465004,2.650570676229257,1.5669017485465004,2.650570676229257,1.9350714977078727,0.5060058534450222
671,,,,,,,,,,,1.416353973491015,1.555001979607802,2.6124505587855285,1.416353973491015,2.6124505587855285,1.8612688372947819,0.5341730689744609,0.40823970037453183,0.4419475655430712,0.07434944237918216,0.07434944237918216,0.4419475655430712,0.30817890276559506,0.16591406902772668,1.5966885764054144,1.5586108589886727,2.650570676229257,1.5586108589886727,2.650570676229257,1.9352900372077813,0.506018624532171
672,,,,,,,,,,,1.4071756272045206,1.5297595464266263,2.6124505587855285,1.4071756272045206,2.6124505587855285,1.8497952441388918,0.5415958216431839,0.41198501872659177,0.4307116104868914,0.07434944237918216,0.07434944237918216,0.4307116104868914,0.3056820238642218,0.16375539431753813,1.5901110060652544,1.5434107494711429,2.650570676229257,1.5434107494711429,2.650570676229257,1.9280308105885513,0.5112684367150364
673,,,,,,,,,,,1.3904406583802533,1.5209065529016348,2.6124505587855285,1.3904406583802533,2.6124505587855285,1.8412659233558053,0.5479048845985783,0.36704119850187267,0.43820224719101125,0.07434944237918216,0.07434944237918216,0.43820224719101125,0.2931976293573553,0.15745236405626428,1.7434726547212636,1.5132607534137112,2.650570676229257,1.5132607534137112,2.650570676229257,1.969101361454744,0.49095125359540054
674,,,,,,,,,,,1.3975952388691832,1.5362760397104116,2.6124505587855285,1.3975952388691832,2.6124505587855285,1.8487739457883745,0.5429607524549049,0.3857677902621723,0.4419475655430712,0.07434944237918216,0.07434944237918216,0.4419475655430712,0.3006882660614752,0.16168073296276664,1.6620906796794706,1.5173969822429985,2.650570676229257,1.5173969822429985,2.650570676229257,1.9433527793839087,0.5035553142295477
675,,,,,,,,,,,1.354323325361393,1.5406831136116614,2.6124505587855285,1.354323325361393,2.6124505587855285,1.8358189992528609,0.5544065458462641,0.36704119850187267,0.44569288389513106,0.07434944237918216,0.07434944237918216,0.44569288389513106,0.2956945082587286,0.1597743211443683,1.6877758163637884,1.5280231224017198,2.650570676229257,1.5280231224017198,2.650570676229257,1.9554565383315883,0.49582791324944514
676,,,,,,,,,,,1.4514397683914633,1.5216703946773822,2.6124505587855285,1.4514397683914633,2.6124505587855285,1.8618535739514581,0.5315260799174558,0.3408239700374532,0.43820224719101125,0.07434944237918216,0.07434944237918216,0.43820224719101125,0.28445855320254887,0.15379642616911515,1.7657406481910733,1.5304441835996363,2.650570676229257,1.5304441835996363,2.650570676229257,1.9822518360066557,0.4822369132212021
677,,,,,,,,,,,1.3655257330018815,1.5766962308150072,2.6124505587855285,1.3655257330018815,2.6124505587855285,1.8515575075341388,0.5448956605740515,0.3408239700374532,0.4606741573033708,0.07434944237918216,0.07434944237918216,0.4606741573033708,0.2919491899066687,0.1614584661555169,1.7772050515542763,1.5607758559537737,2.650570676229257,1.5607758559537737,2.650570676229257,1.996183861245769,0.4710817175361726
678,,,,,,,,,,,1.40957791307319,1.5207257124093863,2.6124505587855285,1.40957791307319,2.6124505587855285,1.8475847280893685,0.5427419660386296,0.36329588014981273,0.46441947565543074,0.07434944237918216,0.07434944237918216,0.46441947565543074,0.3006882660614752,0.16528448751855906,1.7670928016584018,1.5286641616499825,2.650570676229257,1.5286641616499825,2.650570676229257,1.9821092131792135,0.4825920290689431
679,,,,,,,,,,,1.386909470636186,1.5327005239633413,2.6124505587855285,1.386909470636186,2.6124505587855285,1.8440201844616855,0.5466124086560614,0.3782771535580524,0.44569288389513106,0.07434944237918216,0.07434944237918216,0.44569288389513106,0.29943982661078855,0.16152498460892373,1.674554587303476,1.5486735377865337,2.650570676229257,1.5486735377865337,2.650570676229257,1.9579329337730889,0.4924576403867677
680,,,,,,,,,,,1.4312035681194015,1.5788910407286423,2.6124505587855285,1.4312035681194015,2.6124505587855285,1.8741817225445239,0.5255051876146809,0.35580524344569286,0.44569288389513106,0.07434944237918216,0.07434944237918216,0.44569288389513106,0.2919491899066687,0.15818171948618942,1.672431517183111,1.5415951665421104,2.650570676229257,1.5415951665421104,2.650570676229257,1.954865786651493,0.4948289318536057
681,,,,,,,,,,,1.4142358422394092,1.484202498656053,2.6124505587855285,1.4142358422394092,2.6124505587855285,1.8369629665603302,0.5490959767496375,0.38202247191011235,0.4606741573033708,0.07434944237918216,0.07434944237918216,0.4606741573033708,0.3056820238642218,0.16669851898202215,1.6408664059549682,1.5374269373854448,2.650570676229257,1.5374269373854448,2.650570676229257,1.94295467318989,0.5021389161925502
682,,,,,,,,,,,1.4017375583712932,1.5345383002207829,2.6124505587855285,1.4017375583712932,2.6124505587855285,1.8495754724592015,0.5421517667357203,0.40074906367041196,0.45318352059925093,0.07434944237918216,0.07434944237918216,0.45318352059925093,0.3094273422162817,0.16759784666918529,1.5915995988060025,1.5229571066545637,2.650570676229257,1.5229571066545637,2.650570676229257,1.9217091272299411,0.5161442409116866
683,,,,,,,,,,,1.3813211156039196,1.5049212088951698,2.6124505587855285,1.3813211156039196,2.6124505587855285,1.832897627761539,0.5535318870468504,0.3857677902621723,0.44569288389513106,0.07434944237918216,0.07434944237918216,0.44569288389513106,0.30193670551216184,0.16277740622703102,1.6090128252122287,1.5542805074306016,2.650570676229257,1.5542805074306016,2.650570676229257,1.9379546696240293,0.5043907785999027
684,,,,,,,,,,,1.384590753806796,1.5387631049522987,2.6124505587855285,1.384590753806796,2.6124505587855285,1.845268139181541,0.5461189901944474,0.352059925093633,0.44569288389513106,0.07434944237918216,0.07434944237918216,0.44569288389513106,0.29070075045598204,0.15768681856428277,1.6782725241300318,1.5196395308783885,2.650570676229257,1.5196395308783885,2.650570676229257,1.9494942437458924,0.49994815049475894
685,,,,,,,,,,,1.3826469789340705,1.5351251106995802,2.6124505587855285,1.3826469789340705,2.6124505587855285,1.84340754947306,0.5473467869617081,0.39325842696629215,0.4307116104868914,0.07434944237918216,0.07434944237918216,0.4307116104868914,0.29943982661078855,0.1598956869214136,1.6312105124362846,1.5654595960838518,2.650570676229257,1.5654595960838518,2.650570676229257,1.9490802615831313,0.49675439748470707
686,,,,,,,,,,,1.395507967735966,1.508882841697106,2.6124505587855285,1.395507967735966,2.6124505587855285,1.8389471227395333,0.5489044480858495,0.4157303370786517,0.45318352059925093,0.07434944237918216,0.07434944237918216,0.45318352059925093,0.3144211000190283,0.17044351134694555,1.5966850456673554,1.5306117222103732,2.650570676229257,1.5306117222103732,2.650570676229257,1.9259558147023288,0.5130896245150095
687,,,,,,,,,,,1.4134740073366505,1.5512885001989511,2.6124505587855285,1.4134740073366505,2.6124505587855285,1.8590710221070434,0.5356825884328268,0.3782771535580524,0.4419475655430712,0.07434944237918216,0.07434944237918216,0.4419475655430712,0.2981913871601019,0.16040031696365972,1.6604312506507846,1.5323695399787989,2.650570676229257,1.5323695399787989,2.650570676229257,1.947790488952947,0.4996831957391624
688,,,,,,,,,,,1.382840680261434,1.499056536417741,2.6124505587855285,1.382840680261434,2.6124505587855285,1.8314492584882345,0.554285609053121,0.40074906367041196,0.45318352059925093,0.07434944237918216,0.07434944237918216,0.45318352059925093,0.3094273422162817,0.16759784666918529,1.617838621586003,1.5173975912372717,2.650570676229257,1.5173975912372717,2.650570676229257,1.928602296350844,0.5121528784146222
689,,,,,,,,,,,1.3936125727314808,1.543631905775804,2.6124505587855285,1.3936125727314808,2.6124505587855285,1.849898345764271,0.5426729268227034,0.4044943820224719,0.43820224719101125,0.07434944237918216,0.07434944237918216,0.43820224719101125,0.3056820238642218,0.1641546577386794,1.6228760989864222,1.5199514439936435,2.650570676229257,1.5199514439936435,2.650570676229257,1.9311327397364408,0.5104518126131834
690,,,,,,,,,,,1.3683332468134721,1.52587531713339,2.6124505587855285,1.3683332468134721,2.6124505587855285,1.8355530409107967,0.5531016729560131,0.4157303370786517,0.42696629213483145,0.07434944237918216,0.07434944237918216,0.42696629213483145,0.3056820238642218,0.16364114012864753,1.5951673185334223,1.5237760316120106,2.650570676229257,1.5237760316120106,2.650570676229257,1.9231713421248966,0.5151740951068057
691,,,,,,,,,,,1.4149284163154698,1.4574023650242731,2.6124505587855285,1.4149284163154698,2.6124505587855285,1.828260446708424,0.5547771973139943,0.3970037453183521,0.42696629213483145,0.07434944237918216,0.07434944237918216,0.42696629213483145,0.29943982661078855,0.1596322844499854,1.6855037440074963,1.5219271566983912,2.650570676229257,1.5219271566983912,2.650570676229257,1.952667192311715,0.49799014690862153
692,,,,,,,,,,,1.384869089656661,1.50748432966379,2.6124505587855285,1.384869089656661,2.6124505587855285,1.8349346593686597,0.5520608992101131,0.40823970037453183,0.4344569288389513,0.07434944237918216,0.07434944237918216,0.4344569288389513,0.3056820238642218,0.1639266262884877,1.6643156844578433,1.52039602722568,2.650570676229257,1.52039602722568,2.650570676229257,1.94509412930426,0.5022954546415678
693,,,,,,,,,,,1.385928504276551,1.573337228481586,2.6124505587855285,1.385928504276551,2.6124505587855285,1.8572387638478887,0.5394683487080829,0.40823970037453183,0.4606741573033708,0.07434944237918216,0.07434944237918216,0.4606741573033708,0.3144211000190283,0.17110064030625013,1.5947459128019068,1.525352970491188,2.650570676229257,1.525352970491188,2.650570676229257,1.923556519840784,0.514856635580927
694,,,,,,,,,,,1.4518793057202146,1.526430892944336,2.6124505587855285,1.4518793057202146,2.6124505587855285,1.8635869191500263,0.5304005077080949,0.45318352059925093,0.42696629213483145,0.07434944237918216,0.07434944237918216,0.45318352059925093,0.31816641837108817,0.17273655105095184,1.5331858508149336,1.5430880115273293,2.650570676229257,1.5331858508149336,2.650570676229257,1.9089481795238399,0.524421877824445
695,,,,,,,,,,,1.3678149221262412,1.4809782578394963,2.6124505587855285,1.3678149221262412,2.6124505587855285,1.8204145795837554,0.561956243492333,0.3707865168539326,0.4606741573033708,0.07434944237918216,0.07434944237918216,0.4606741573033708,0.30193670551216184,0.1650594210815446,1.6663998285036408,1.5122134399771243,2.650570676229257,1.5122134399771243,2.650570676229257,1.9430613149033409,0.5042291032685883
696,,,,,,,,,,,1.3588608981785117,1.5462768701406626,2.6124505587855285,1.3588608981785117,2.6124505587855285,1.8391961090349007,0.5521008480830223,0.41198501872659177,0.4419475655430712,0.07434944237918216,0.07434944237918216,0.4419475655430712,0.3094273422162817,0.16667463873626862,1.6138654322213448,1.5289101453309648,2.650570676229257,1.5289101453309648,2.650570676229257,1.9311154179271888,0.5099125753280513
697,,,,,,,,,,,1.37917294504553,1.5090060472488402,2.6124505587855285,1.37917294504553,2.6124505587855285,1.8335431836932994,0.5533152704903619,0.3970037453183521,0.43820224719101125,0.07434944237918216,0.07434944237918216,0.43820224719101125,0.3031851449628485,0.16268305222498955,1.6411736140983382,1.5311519590656408,2.650570676229257,1.5311519590656408,2.650570676229257,1.9409654164644123,0.5037730372952245
698,,,,,,,,,,,1.389644528605596,1.5285919207793015,2.6124505587855285,1.389644528605596,2.6124505587855285,1.8435623360568087,0.5466372464051856,0.40823970037453183,0.4419475655430712,0.07434944237918216,0.07434944237918216,0.4419475655430712,0.30817890276559506,0.16591406902772668,1.6348979370424364,1.496768406714393,2.650570676229257,1.496768406714393,2.650570676229257,1.927412339995362,0.5144501441575544
699,,,,,,,,,,,1.4403983091826158,1.5480234182797945,2.6124505587855285,1.4403983091826158,2.6124505587855285,1.8669574287493127,0.5289712003662961,0.42696629213483145,0.43820224719101125,0.07434944237918216,0.07434944237918216,0.43820224719101125,0.31317266056834164,0.16893580404239608,1.595419949360108,1.5129008909289756,2.650570676229257,1.5129008909289756,2.650570676229257,1.9196305055061138,0.5179494818568531
700,,,,,,,,,,,1.43456306528655,1.5482309799927931,2.6124505587855285,1.43456306528655,2.6124505587855285,1.8650815346882907,0.5305031839951323,0.449438202247191,0.4419475655430712,0.07434944237918216,0.07434944237918216,0.449438202247191,0.3219117367231481,0.17507968584846273,1.5350024115280265,1.4977322821313521,2.650570676229257,1.4977322821313521,2.650570676229257,1.894435123296212,0.5348850321600788
701,,,,,,,,,,,1.4368781916101583,1.4992000066317044,2.6124505587855285,1.4368781916101583,2.6124505587855285,1.849509585675797,0.5400803634609161,0.39325842696629215,0.4344569288389513,0.07434944237918216,0.07434944237918216,0.4344569288389513,0.3006882660614752,0.16092705690995737,1.6165763501370891,1.5165748301516757,2.650570676229257,1.5165748301516757,2.650570676229257,1.9279072855060075,0.512628428278265
702,,,,,,,,,,,1.3448392177454203,1.472247787622305,2.6124505587855285,1.3448392177454203,2.6124505587855285,1.8098458547177512,0.5699058221398289,0.40074906367041196,0.4606741573033708,0.07434944237918216,0.07434944237918216,0.4606741573033708,0.311924221117655,0.1697627478398514,1.6029307248440574,1.528598750575205,2.650570676229257,1.528598750575205,2.650570676229257,1.927366717216173,0.5122820091504451
703,,,,,,,,,,,1.3712607316952468,1.511569252380958,2.6124505587855285,1.3712607316952468,2.6124505587855285,1.8317601809539112,0.5549953271715647,0.4344569288389513,0.43820224719101125,0.07434944237918216,0.07434944237918216,0.43820224719101125,0.31566953946971493,0.17064592738030734,1.5557726188545369,1.5453351289591986,2.650570676229257,1.5453351289591986,2.650570676229257,1.9172261413476643,0.5185704005110935
704,,,,,,,,,,,1.3525796993290495,1.5236319138453558,2.6124505587855285,1.3525796993290495,2.6124505587855285,1.829554057319978,0.5579784428500096,0.39325842696629215,0.449438202247191,0.07434944237918216,0.07434944237918216,0.449438202247191,0.3056820238642218,0.16517690361155712,1.6249030337351538,1.5582221085659127,2.650570676229257,1.5582221085659127,2.650570676229257,1.944565272843441,0.4999628710566636
705,,,,,,,,,,,1.3735719387409662,1.5341417532700758,2.6124505587855285,1.3735719387409662,2.6124505587855285,1.8400547502655236,0.550086132709495,0.41198501872659177,0.4419475655430712,0.07434944237918216,0.07434944237918216,0.4419475655430712,0.3094273422162817,0.16667463873626862,1.6228090788094738,1.5448852871241194,2.650570676229257,1.5448852871241194,2.650570676229257,1.9394216807209501,0.5038635395203819
706,,,,,,,,,,,1.392780666287067,1.5505948873666617,2.6124505587855285,1.392780666287067,2.6124505587855285,1.8519420374797526,0.5416064009516895,0.41198501872659177,0.45692883895131087,0.07434944237918216,0.07434944237918216,0.45692883895131087,0.3144211000190283,0.17074500938642506,1.5908267649818448,1.5322603219457334,2.650570676229257,1.5322603219457334,2.650570676229257,1.924552587718945,0.5139287925355684
707,,,,,,,,,,,1.3300678031277038,1.4802282846890964,2.6124505587855285,1.3300678031277038,2.6124505587855285,1.8075822155341097,0.5724199099914329,0.4232209737827715,0.4344569288389513,0.07434944237918216,0.07434944237918216,0.4344569288389513,0.31067578166696835,0.1671709018786473,1.5579087979784618,1.576401921247275,2.650570676229257,1.5579087979784618,2.650570676229257,1.928293798484998,0.5107826772023861
708,,,,,,,,,,,1.3383330826121413,1.5096085126583392,2.6124505587855285,1.3383330826121413,2.6124505587855285,1.8201307180186699,0.5646012550399281,0.45318352059925093,0.43820224719101125,0.07434944237918216,0.07434944237918216,0.45318352059925093,0.3219117367231481,0.17515978766804027,1.5023201011986322,1.5448206761356598,2.650570676229257,1.5023201011986322,2.650570676229257,1.8992371511878499,0.5315562836965024
709,,,,,,,,,,,1.3460689091820115,1.4971073113954985,2.6124505587855285,1.3460689091820115,2.6124505587855285,1.8185422597876795,0.5647541885038978,0.4344569288389513,0.43820224719101125,0.07434944237918216,0.07434944237918216,0.43820224719101125,0.31566953946971493,0.17064592738030734,1.5229605748858792,1.5545736314652119,2.650570676229257,1.5229605748858792,2.650570676229257,1.9093682941934496,0.5242681086926412
710,,,,,,,,,,,1.382174480351493,1.507166339800908,2.6124505587855285,1.382174480351493,2.6124505587855285,1.8339304596459762,0.5528567625255503,0.3707865168539326,0.44569288389513106,0.07434944237918216,0.07434944237918216,0.44569288389513106,0.29694294770941526,0.16034055926314686,1.6545113709089014,1.5490839110778065,2.650570676229257,1.5490839110778065,2.650570676229257,1.951388652738655,0.49626630203344047
711,,,,,,,,,,,1.3780635986566774,1.5170791754355797,2.6124505587855285,1.3780635986566774,2.6124505587855285,1.8358644442925953,0.5520542410332618,0.4232209737827715,0.45692883895131087,0.07434944237918216,0.07434944237918216,0.45692883895131087,0.31816641837108817,0.17295296736383442,1.5398947545205162,1.5253905557961054,2.650570676229257,1.5253905557961054,2.650570676229257,1.9052853288486264,0.5270295878540154
712,,,,,,,,,,,1.3895726972066862,1.4945525077673105,2.6124505587855285,1.3895726972066862,2.6124505587855285,1.832191921253175,0.5533882580607214,0.3895131086142322,0.47191011235955055,0.07434944237918216,0.07434944237918216,0.47191011235955055,0.311924221117655,0.17132551507977872,1.720216827892632,1.4869332456410154,2.650570676229257,1.4869332456410154,2.650570676229257,1.9525735832543016,0.5026630838432129
713,,,,,,,,,,,1.3619910747070973,1.4549335057918842,2.6124505587855285,1.3619910747070973,2.6124505587855285,1.8097917130948364,0.5688324245318199,0.4044943820224719,0.4307116104868914,0.07434944237918216,0.07434944237918216,0.4307116104868914,0.3031851449628485,0.1621648746385584,1.6488059674309434,1.5644572624999487,2.650570676229257,1.5644572624999487,2.650570676229257,1.954611302053383,0.4933208988635691
714,,,,,,,,,,,1.336143223681739,1.5416967887144821,2.6124505587855285,1.336143223681739,2.6124505587855285,1.830096857060583,0.5595361489522436,0.3782771535580524,0.46441947565543074,0.07434944237918216,0.07434944237918216,0.46441947565543074,0.3056820238642218,0.16731446910230943,1.6621135982234827,1.4867525859718465,2.650570676229257,1.4867525859718465,2.650570676229257,1.933145620141529,0.5123227527521688
715,,,,,,,,,,,1.3699602929299788,1.500893627680265,2.6124505587855285,1.3699602929299788,2.6124505587855285,1.8277681597985904,0.5574230798936175,0.4044943820224719,0.4606741573033708,0.07434944237918216,0.07434944237918216,0.4606741573033708,0.31317266056834164,0.17042386168476764,1.585596384180619,1.4975452619545468,2.650570676229257,1.4975452619545468,2.650570676229257,1.9112374407881412,0.5240219300768428
716,,,,,,,,,,,1.3664253864068039,1.495059139911945,2.6124505587855285,1.3664253864068039,2.6124505587855285,1.8246450283680924,0.5595324393053118,0.38202247191011235,0.45318352059925093,0.07434944237918216,0.07434944237918216,0.45318352059925093,0.3031851449628485,0.16439851539344796,1.575914891918054,1.5317496489942743,2.650570676229257,1.5317496489942743,2.650570676229257,1.9194117390471952,0.5173217475527399
717,,,,,,,,,,,1.3917455382365465,1.533377430989192,2.6124505587855285,1.3917455382365465,2.6124505587855285,1.8458578426704222,0.5451380207872291,0.40823970037453183,0.4681647940074906,0.07434944237918216,0.07434944237918216,0.4681647940074906,0.3169179789204015,0.1732577567316807,1.5761340856552124,1.5292287341664346,2.650570676229257,1.5292287341664346,2.650570676229257,1.9186444986836346,0.5179040934587413
718,,,,,,,,,,,1.3787032313021017,1.4991863305752093,2.6124505587855285,1.3787032313021017,2.6124505587855285,1.8301133735542798,0.5553783382219597,0.33707865168539325,0.4344569288389513,0.07434944237918216,0.07434944237918216,0.4344569288389513,0.2819616743011756,0.15209155433065633,1.7198779274908345,1.5282572561435486,2.650570676229257,1.5282572561435486,2.650570676229257,1.9662352866212132,0.4901807928539502
719,,,,,,,,,,,1.3877428992650507,1.522567712343656,2.6124505587855285,1.3877428992650507,2.6124505587855285,1.8409203901314115,0.5483238297533114,0.4157303370786517,0.45692883895131087,0.07434944237918216,0.07434944237918216,0.45692883895131087,0.31566953946971493,0.17146597540809855,1.5790087748109625,1.5375957850659832,2.650570676229257,1.5375957850659832,2.650570676229257,1.9223917453687343,0.515177752781688
720,,,,,,,,,,,1.3491870389751108,1.4912129622239334,2.6124505587855285,1.3491870389751108,2.6124505587855285,1.8176168533281907,0.565015224111676,0.4044943820224719,0.42696629213483145,0.07434944237918216,0.07434944237918216,0.42696629213483145,0.30193670551216184,0.16118978139922432,1.6421510235647137,1.5204041352432764,2.650570676229257,1.5204041352432764,2.650570676229257,1.9377086116790825,0.506514112017978
721,,,,,,,,,,,1.3350892884439867,1.5124968877205482,2.6124505587855285,1.3350892884439867,2.6124505587855285,1.8200122449833547,0.5649998377324208,0.43820224719101125,0.46441947565543074,0.07434944237918216,0.07434944237918216,0.46441947565543074,0.32565705507520804,0.17802335598889021,1.5885468971416745,1.509337050191472,2.650570676229257,1.509337050191472,2.650570676229257,1.916151541187468,0.5203185879184125
722,,,,,,,,,,,1.4107404093655171,1.51859067770151,2.6124505587855285,1.4107404093655171,2.6124505587855285,1.8472605486175186,0.5428595483429858,0.37453183520599254,0.449438202247191,0.07434944237918216,0.07434944237918216,0.449438202247191,0.29943982661078855,0.1620740607684788,1.6663727724596802,1.5617480389634322,2.650570676229257,1.5617480389634322,2.650570676229257,1.9595638292174566,0.4904789704480596
723,,,,,,,,,,,1.3556778027646466,1.4954698122464694,2.6124505587855285,1.3556778027646466,2.6124505587855285,1.821199391265548,0.5624021450024531,0.3707865168539326,0.45692883895131087,0.07434944237918216,0.07434944237918216,0.45692883895131087,0.3006882660614752,0.16386391151093482,1.676413644565625,1.5150505741883753,2.650570676229257,1.5150505741883753,2.650570676229257,1.947344964994419,0.5016003128831434
724,,,,,,,,,,,1.3669040574834712,1.4981974895183856,2.6124505587855285,1.3669040574834712,2.6124505587855285,1.8258507019291284,0.558786776524975,0.42696629213483145,0.45318352059925093,0.07434944237918216,0.07434944237918216,0.45318352059925093,0.31816641837108817,0.17273655105095184,1.5936284382245067,1.509010512730602,2.650570676229257,1.509010512730602,2.650570676229257,1.9177365423947885,0.5193421795010876
725,,,,,,,,,,,1.3827729757527414,1.4724709254044752,2.6124505587855285,1.3827729757527414,2.6124505587855285,1.822564819980915,0.5597326985970559,0.41947565543071164,0.44569288389513106,0.07434944237918216,0.07434944237918216,0.44569288389513106,0.31317266056834164,0.169212357560471,1.5812034227428364,1.5404591136210866,2.650570676229257,1.5404591136210866,2.650570676229257,1.92407773753106,0.5139773128360232
726,,,,,,,,,,,1.3258330750855492,1.4938942689162034,2.6124505587855285,1.3258330750855492,2.6124505587855285,1.8107259675957603,0.5710416688279685,0.41198501872659177,0.449438202247191,0.07434944237918216,0.07434944237918216,0.449438202247191,0.311924221117655,0.16868514429439768,1.5939916541960355,1.535812208715003,2.650570676229257,1.535812208715003,2.650570676229257,1.926791513046765,0.5123400041391662
727,,,,,,,,,,,1.3218963383710418,1.4833528151878943,2.6124505587855285,1.3218963383710418,2.6124505587855285,1.8058999041148216,0.5741138199514316,0.40074906367041196,0.4794007490636704,0.07434944237918216,0.07434944237918216,0.4794007490636704,0.31816641837108817,0.17536924899608877,1.5783568384049091,1.5378611895921972,2.650570676229257,1.5378611895921972,2.650570676229257,1.9222629014087877,0.5152566580783783
728,,,,,,,,,,,1.3060069105967063,1.5042896435810968,2.6124505587855285,1.3060069105967063,2.6124505587855285,1.8075823709877774,0.5748556980359314,0.46441947565543074,0.4344569288389513,0.07434944237918216,0.07434944237918216,0.46441947565543074,0.3244086156245214,0.17724113733562602,1.4831371320767348,1.5132917406853665,2.650570676229257,1.4831371320767348,2.650570676229257,1.8823331829971195,0.5433654139470564
729,,,,,,,,,,,1.3709385520110804,1.5375122382090642,2.6124505587855285,1.3709385520110804,2.6124505587855285,1.8403004496685575,0.5502111967177746,0.34831460674157305,0.46441947565543074,0.07434944237918216,0.07434944237918216,0.46441947565543074,0.2956945082587286,0.16353453007095392,1.7276607207144692,1.5043827246190904,2.650570676229257,1.5043827246190904,2.650570676229257,1.9608713738542722,0.49613648099254415
730,,,,,,,,,,,1.3344786375388145,1.4925205267392672,2.6124505587855285,1.3344786375388145,2.6124505587855285,1.81314990768787,0.5688617042359637,0.41947565543071164,0.4681647940074906,0.07434944237918216,0.07434944237918216,0.4681647940074906,0.32066329727246146,0.17530077845069178,1.5946129645301161,1.5227492382463892,2.650570676229257,1.5227492382463892,2.650570676229257,1.9226442930019207,0.5155571182954538
731,,,,,,,,,,,1.3865712438212552,1.4530607278530414,2.6124505587855285,1.3865712438212552,2.6124505587855285,1.8173608434866082,0.5628682228267948,0.3970037453183521,0.4606741573033708,0.07434944237918216,0.07434944237918216,0.4606741573033708,0.31067578166696835,0.16911748248177433,1.6359278365467371,1.5256148478511566,2.650570676229257,1.5256148478511566,2.650570676229257,1.9373711202090504,0.506315082334642
732,,,,,,,,,,,1.3321859046630382,1.4571322532800528,2.6124505587855285,1.3321859046630382,2.6124505587855285,1.8005895722428733,0.5763341586329302,0.41198501872659177,0.45692883895131087,0.07434944237918216,0.07434944237918216,0.45692883895131087,0.3144211000190283,0.17074500938642506,1.6510772410403476,1.4756186396888133,2.650570676229257,1.4756186396888133,2.650570676229257,1.9257555189861393,0.5175031010046113
733,,,,,,,,,,,1.3646450787352413,1.4772340884575477,2.6124505587855285,1.3646450787352413,2.6124505587855285,1.818109908659439,0.5635612197502687,0.4232209737827715,0.4794007490636704,0.07434944237918216,0.07434944237918216,0.4794007490636704,0.32565705507520804,0.1791752939384313,1.6009543549255485,1.511925457122174,2.650570676229257,1.511925457122174,2.650570676229257,1.9211501627589935,0.5170572181518782
734,,,,,,,,,,,1.4183395167057966,1.505533161530128,2.6124505587855285,1.4183395167057966,2.6124505587855285,1.845441079007151,0.543524510012726,0.45318352059925093,0.43820224719101125,0.07434944237918216,0.07434944237918216,0.45318352059925093,0.3219117367231481,0.17515978766804027,1.5297064638316409,1.507627935445264,2.650570676229257,1.507627935445264,2.650570676229257,1.895968358502054,0.5336605405395064
735,,,,,,,,,,,1.3196348582355877,1.4683466214400072,2.6124505587855285,1.3196348582355877,2.6124505587855285,1.8001440128203743,0.5775870731426394,0.42696629213483145,0.4307116104868914,0.07434944237918216,0.07434944237918216,0.4307116104868914,0.31067578166696835,0.16711495212031735,1.5775734132595276,1.5163461001178298,2.650570676229257,1.5163461001178298,2.650570676229257,1.9148300632022046,0.520847311734578
736,,,,,,,,,,,1.349746979407328,1.4793109747079702,2.6124505587855285,1.349746979407328,2.6124505587855285,1.8138361709669422,0.5671774634349215,0.449438202247191,0.4419475655430712,0.07434944237918216,0.07434944237918216,0.449438202247191,0.3219117367231481,0.17507968584846273,1.5039217940876992,1.5077409503165256,2.650570676229257,1.5039217940876992,2.650570676229257,1.8874111402111609,0.53963753548105
737,,,,,,,,,,,1.380877562964387,1.5126606115928063,2.6124505587855285,1.380877562964387,2.6124505587855285,1.8353295777809073,0.5521349215029715,0.44569288389513106,0.47191011235955055,0.07434944237918216,0.07434944237918216,0.47191011235955055,0.3306508128779546,0.18154821243359506,1.540178421284822,1.5345904179726646,2.650570676229257,1.5345904179726646,2.650570676229257,1.9084465051622477,0.5247659925507596
738,,,,,,,,,,,1.3214945910181186,1.4706590835864728,2.6124505587855285,1.3214945910181186,2.6124505587855285,1.8015347444633736,0.5766286239276927,0.4157303370786517,0.47191011235955055,0.07434944237918216,0.07434944237918216,0.47191011235955055,0.32066329727246146,0.1756738040079656,1.592386044813006,1.4828356696425307,2.650570676229257,1.4828356696425307,2.650570676229257,1.9085974635615977,0.5265570607966898
739,,,,,,,,,,,1.3470839536224453,1.450456872353187,2.6124505587855285,1.3470839536224453,2.6124505587855285,1.8033304615870538,0.5736886431097041,0.4232209737827715,0.46441947565543074,0.07434944237918216,0.07434944237918216,0.46441947565543074,0.32066329727246146,0.17498040932902262,1.5715602939941464,1.5105526246381609,2.650570676229257,1.5105526246381609,2.650570676229257,1.9108945316205215,0.5236226905622627
740,,,,,,,,,,,1.333534778713377,1.504556443141057,2.6124505587855285,1.333534778713377,2.6124505587855285,1.816847260213321,0.566892440679968,0.39325842696629215,0.4681647940074906,0.07434944237918216,0.07434944237918216,0.4681647940074906,0.311924221117655,0.17075142278627026,1.6343509244561643,1.5221751298797264,2.650570676229257,1.5221751298797264,2.650570676229257,1.9356989101883826,0.5075608887178056
741,,,,,,,,,,,1.3544050415509934,1.4761287634189313,2.6124505587855285,1.3544050415509934,2.6124505587855285,1.8143281212518179,0.5665413989506326,0.41947565543071164,0.45692883895131087,0.07434944237918216,0.07434944237918216,0.45692883895131087,0.3169179789204016,0.17220202559545883,1.6281076732199737,1.5406791364655512,2.650570676229257,1.5406791364655512,2.650570676229257,1.9397858286382608,0.5038665576872987
742,,,,,,,,,,,1.335237964801311,1.4871128742511457,2.6124505587855285,1.335237964801311,2.6124505587855285,1.811600465945995,0.5696707531144142,0.4344569288389513,0.4606741573033708,0.07434944237918216,0.07434944237918216,0.4606741573033708,0.32316017617383475,0.1762610217937477,1.5525996881477842,1.5027857983156983,2.650570676229257,1.5027857983156983,2.650570676229257,1.9019853875642465,0.529720244852135
743,,,,,,,,,,,1.3481806358887212,1.4511232522817759,2.6124505587855285,1.3481806358887212,2.6124505587855285,1.803918148985342,0.5732613068170771,0.41947565543071164,0.43820224719101125,0.07434944237918216,0.07434944237918216,0.43820224719101125,0.31067578166696835,0.16728274525607556,1.5620873277999936,1.5153982058892983,2.650570676229257,1.5153982058892983,2.650570676229257,1.9093520699728497,0.5244671805567477
744,,,,,,,,,,,1.2924454957963871,1.4433331214464629,2.6124505587855285,1.2924454957963871,2.6124505587855285,1.7827430586761261,0.5899167572332698,0.44569288389513106,0.49812734082397003,0.07434944237918216,0.07434944237918216,0.49812734082397003,0.33938988903276107,0.18863045325026748,1.5796370153569996,1.4974924884038918,2.650570676229257,1.4974924884038918,2.650570676229257,1.9092333933300496,0.5252762169179007
745,,,,,,,,,,,1.2905870398956496,1.4604465979796188,2.6124505587855285,1.2905870398956496,2.6124505587855285,1.7878280655535992,0.5872051087573819,0.42696629213483145,0.4756554307116105,0.07434944237918216,0.07434944237918216,0.4756554307116105,0.32565705507520804,0.17880957320208743,1.5397453299175934,1.5476455969756908,2.650570676229257,1.5397453299175934,2.650570676229257,1.9126538677075136,0.5217959472048332
746,,,,,,,,,,,1.2885034074280788,1.5016967314940233,2.6124505587855285,1.2885034074280788,2.6124505587855285,1.8008835659025433,0.5804271911327725,0.44569288389513106,0.4606741573033708,0.07434944237918216,0.07434944237918216,0.4606741573033708,0.3269054945258947,0.17868879697243256,1.5248309664065471,1.4935722270708405,2.650570676229257,1.4935722270708405,2.650570676229257,1.8896579565688816,0.5381978585377478
747,,,,,,,,,,,1.3218317314681236,1.471925871188824,2.6124505587855285,1.3218317314681236,2.6124505587855285,1.8020693871474922,0.5762929204283194,0.4157303370786517,0.4868913857677903,0.07434944237918216,0.07434944237918216,0.4868913857677903,0.32565705507520804,0.1800603803577498,1.5559735735703943,1.5093491863222157,2.650570676229257,1.5093491863222157,2.650570676229257,1.9052978120406223,0.5273311356529313
748,,,,,,,,,,,1.3217906193508335,1.4773936345027043,2.6124505587855285,1.3217906193508335,2.6124505587855285,1.8038782708796888,0.5752651175229565,0.4344569288389513,0.4756554307116105,0.07434944237918216,0.07434944237918216,0.4756554307116105,0.3281539339765813,0.1802532831053729,1.5223811146025354,1.4934756796011763,2.650570676229257,1.4934756796011763,2.650570676229257,1.88880915681099,0.5387759833752646
749,,,,,,,,,,,1.2782391513392142,1.448093687571012,2.6124505587855285,1.2782391513392142,2.6124505587855285,1.779594465898585,0.5929865622220055,0.38202247191011235,0.43820224719101125,0.07434944237918216,0.07434944237918216,0.43820224719101125,0.2981913871601019,0.1599332235030844,1.605968411495623,1.5277491084645303,2.650570676229257,1.5277491084645303,2.650570676229257,1.9280960653964698,0.5118637431420968
750,,,,,,,,,,,1.3267420732825852,1.481087429706867,2.6124505587855285,1.3267420732825852,2.6124505587855285,1.8067600205916603,0.5731832486292544,0.4344569288389513,0.46441947565543074,0.07434944237918216,0.07434944237918216,0.46441947565543074,0.3244086156245214,0.17724113733562602,1.524828505426757,1.51981715807754,2.650570676229257,1.51981715807754,2.650570676229257,1.8984054465778513,0.531865069306729
751,,,,,,,,,,,1.3235366410997995,1.5064317794946525,2.6124505587855285,1.3235366410997995,2.6124505587855285,1.8141396597933266,0.5694078072871973,0.38202247191011235,0.4419475655430712,0.07434944237918216,0.07434944237918216,0.4419475655430712,0.29943982661078855,0.16103211898433775,1.6281818776541435,1.515255290917243,2.650570676229257,1.515255290917243,2.650570676229257,1.9313359482668815,0.5106610414801234
752,,,,,,,,,,,1.322293534372952,1.4818424775050236,2.6124505587855285,1.322293534372952,2.6124505587855285,1.805528856887835,0.5742856090011561,0.4232209737827715,0.4232209737827715,0.07434944237918216,0.07434944237918216,0.4232209737827715,0.3069304633149084,0.16445961707894238,1.5771807713455028,1.5848531749811066,2.650570676229257,1.5771807713455028,2.650570676229257,1.937534874185289,0.5042021801432112
753,,,,,,,,,,,1.2983955146890058,1.5378325737439669,2.6124505587855285,1.2983955146890058,2.6124505587855285,1.8162262157395004,0.5714382029327589,0.43820224719101125,0.45692883895131087,0.07434944237918216,0.07434944237918216,0.45692883895131087,0.32316017617383475,0.1761017835387901,1.5383979729498818,1.5333307981491089,2.650570676229257,1.5333307981491089,2.650570676229257,1.9074331491094159,0.5254816566576229
754,,,,,,,,,,,1.3263373469595041,1.4402029569332415,2.6124505587855285,1.3263373469595041,2.6124505587855285,1.7929969542260913,0.5813028480936958,0.43820224719101125,0.45692883895131087,0.07434944237918216,0.07434944237918216,0.45692883895131087,0.32316017617383475,0.1761017835387901,1.5231212176633684,1.4714424980713634,2.650570676229257,1.4714424980713634,2.650570676229257,1.8817114639879964,0.5440747734768671
755,,,,,,,,,,,1.3085332937947365,1.4753351468306322,2.6124505587855285,1.3085332937947365,2.6124505587855285,1.7987729998036324,0.5793727021742884,0.42696629213483145,0.44569288389513106,0.07434944237918216,0.07434944237918216,0.44569288389513106,0.3156695394697149,0.1708102519455967,1.5295689829279868,1.52002640208055,2.650570676229257,1.52002640208055,2.650570676229257,1.9000553537459315,0.5307087727269357
756,,,,,,,,,,,1.298743097798198,1.4749359956154457,2.6124505587855285,1.298743097798198,2.6124505587855285,1.7953765507330572,0.5822189938997794,0.4157303370786517,0.4606741573033708,0.07434944237918216,0.07434944237918216,0.4606741573033708,0.3169179789204016,0.17250045011324777,1.5854015417313307,1.504551791519708,2.650570676229257,1.504551791519708,2.650570676229257,1.9135080031600988,0.5222261378312466
757,,,,,,,,,,,1.31726270994392,1.511915709422185,2.6124505587855285,1.31726270994392,2.6124505587855285,1.8138763260505446,0.5702414993916598,0.39325842696629215,0.449438202247191,0.07434944237918216,0.07434944237918216,0.449438202247191,0.3056820238642218,0.16517690361155712,1.6775525906559234,1.515487529365311,2.650570676229257,1.515487529365311,2.650570676229257,1.9478702654168305,0.5012698352117
758,,,,,,,,,,,1.3518920397965006,1.469656227185176,2.6124505587855285,1.3518920397965006,2.6124505587855285,1.8113329419224016,0.5685121974617433,0.40823970037453183,0.47191011235955055,0.07434944237918216,0.07434944237918216,0.47191011235955055,0.31816641837108817,0.17435312572853168,1.5928939656818404,1.487444238716297,2.650570676229257,1.487444238716297,2.650570676229257,1.9103029602091315,0.525215593679089
759,,,,,,,,,,,1.317825537902788,1.5059224147063035,2.6124505587855285,1.317825537902788,2.6124505587855285,1.8120661704648733,0.5711429976029828,0.4044943820224719,0.45692883895131087,0.07434944237918216,0.07434944237918216,0.45692883895131087,0.311924221117655,0.16934909642083773,1.5856028371089406,1.5188436490319641,2.650570676229257,1.5188436490319641,2.650570676229257,1.9183390541233873,0.5184827599879089
760,,,,,,,,,,,1.333934685149023,1.4883578135417057,2.6124505587855285,1.333934685149023,2.6124505587855285,1.8115810191587525,0.5697985844560333,0.4307116104868914,0.4756554307116105,0.07434944237918216,0.07434944237918216,0.4756554307116105,0.3269054945258947,0.17952419772099007,1.6415807906161533,1.4884304585081807,2.650570676229257,1.4884304585081807,2.650570676229257,1.9268606417845302,0.5155456116408365
761,,,,,,,,,,,1.2838337852819477,1.4660683851975662,2.6124505587855285,1.2838337852819477,2.6124505587855285,1.7874509097550142,0.5880876794191805,0.43820224719101125,0.44569288389513106,0.07434944237918216,0.07434944237918216,0.44569288389513106,0.3194148578217748,0.1733143979287279,1.5531738076763653,1.5504719398441387,2.650570676229257,1.5504719398441387,2.650570676229257,1.9180721412499204,0.5179558557976421
762,,,,,,,,,,,1.2928485425764604,1.4817765731077928,2.6124505587855285,1.2928485425764604,2.6124505587855285,1.7956918914899271,0.5826631334553308,0.4344569288389513,0.45318352059925093,0.07434944237918216,0.07434944237918216,0.45318352059925093,0.32066329727246146,0.17433790493183024,1.5285320005166843,1.5154836610908367,2.650570676229257,1.5154836610908367,2.650570676229257,1.8981954459455928,0.5320362958475301
763,,,,,,,,,,,1.2755087640735252,1.4513989558586708,2.6124505587855285,1.2755087640735252,2.6124505587855285,1.7797860929059084,0.5931452460937927,0.40823970037453183,0.49063670411985016,0.07434944237918216,0.07434944237918216,0.49063670411985016,0.3244086156245214,0.17998983147140737,1.6018876426675346,1.4931614456998274,2.650570676229257,1.4931614456998274,2.650570676229257,1.915206588198873,0.5218720168459786
764,,,,,,,,,,,1.3178646114150185,1.4737788218718308,2.6124505587855285,1.3178646114150185,2.6124505587855285,1.8013646640241259,0.5770456693458913,0.41198501872659177,0.4606741573033708,0.07434944237918216,0.07434944237918216,0.4606741573033708,0.31566953946971493,0.17179289857010058,1.6291732221060478,1.5013788143793743,2.650570676229257,1.5013788143793743,2.650570676229257,1.9270409042382264,0.5142660471517296
765,,,,,,,,,,,1.285267637542398,1.4543207581226643,2.6124505587855285,1.285267637542398,2.6124505587855285,1.7840129848168633,0.5898453751432359,0.4307116104868914,0.4794007490636704,0.07434944237918216,0.07434944237918216,0.4794007490636704,0.3281539339765813,0.18056429698789273,1.552562586377176,1.479578144541394,2.650570676229257,1.479578144541394,2.650570676229257,1.8942371357159427,0.53563793776927
766,,,,,,,,,,,1.3607593147770731,1.4827287068733803,2.6124505587855285,1.3607593147770731,2.6124505587855285,1.8186461934786606,0.5635087464197074,0.40823970037453183,0.4606741573033708,0.07434944237918216,0.07434944237918216,0.4606741573033708,0.3144211000190283,0.17110064030625013,1.6966893195213004,1.5165877904784812,2.650570676229257,1.5165877904784812,2.650570676229257,1.954615928743013,0.49757672648036355
767,,,,,,,,,,,1.264263710829934,1.4787901493219229,2.6124505587855285,1.264263710829934,2.6124505587855285,1.7851681396457952,0.5914967167935262,0.46441947565543074,0.46441947565543074,0.07434944237918216,0.07434944237918216,0.46441947565543074,0.33439613123001455,0.18388077711153175,1.4940479301781244,1.528784291574571,2.650570676229257,1.4940479301781244,2.650570676229257,1.8911342993273177,0.5371898246878377
768,,,,,,,,,,,1.2824843166193443,1.4665335270074698,2.6124505587855285,1.2824843166193443,2.6124505587855285,1.7871561341374473,0.5883885867222604,0.40823970037453183,0.4756554307116105,0.07434944237918216,0.07434944237918216,0.4756554307116105,0.3194148578217748,0.17545942277111312,1.631012110674426,1.5119230126620231,2.650570676229257,1.5119230126620231,2.650570676229257,1.9311685998552353,0.511012109403024
769,,,,,,,,,,,1.3026789627589206,1.4651006368490367,2.6124505587855285,1.3026789627589206,2.6124505587855285,1.7934100527978287,0.5829326507067517,0.43820224719101125,0.4868913857677903,0.07434944237918216,0.07434944237918216,0.4868913857677903,0.3331476917793279,0.18407436626405865,1.52561732624354,1.5442190915904241,2.650570676229257,1.52561732624354,2.650570676229257,1.9068023646877403,0.5259784421174782
770,,,,,,,,,,,1.3496923318152478,1.4668624731210562,2.6124505587855285,1.3496923318152478,2.6124505587855285,1.8096684545739443,0.5696645449356957,0.4344569288389513,0.49063670411985016,0.07434944237918216,0.07434944237918216,0.49063670411985016,0.3331476917793279,0.18442964730412892,1.6242619998446117,1.5326272566220287,2.650570676229257,1.5326272566220287,2.650570676229257,1.935819977565299,0.5067876955042938
771,,,,,,,,,,,1.2840673648702972,1.4373447253153875,2.6124505587855285,1.2840673648702972,2.6124505587855285,1.7779542163237376,0.593386662299737,0.4344569288389513,0.4794007490636704,0.07434944237918216,0.07434944237918216,0.4794007490636704,0.32940237342726797,0.18128060196145765,1.6269997706574,1.509763388151533,2.650570676229257,1.509763388151533,2.650570676229257,1.9291112783460633,0.5123890705582044
772,,,,,,,,,,,1.3173163166059911,1.4900326710480911,2.6124505587855285,1.3173163166059911,2.6124505587855285,1.8065998488132038,0.5741685349820309,0.4044943820224719,0.43820224719101125,0.07434944237918216,0.07434944237918216,0.43820224719101125,0.3056820238642218,0.1641546577386794,1.6748985261952833,1.5168771136566048,2.650570676229257,1.5168771136566048,2.650570676229257,1.9474487720270484,0.5013501775751055
773,,,,,,,,,,,1.3287384558228832,1.4588329755342924,2.6124505587855285,1.3287384558228832,2.6124505587855285,1.800007330047568,0.5769339338008337,0.4344569288389513,0.47191011235955055,0.07434944237918216,0.07434944237918216,0.47191011235955055,0.3269054945258947,0.1792374678946093,1.5569662650426228,1.518937115812123,2.650570676229257,1.518937115812123,2.650570676229257,1.9088246856946676,0.5247233492698181
774,,,,,,,,,,,1.2973538989970268,1.4883499127167923,2.6124505587855285,1.2973538989970268,2.6124505587855285,1.7993847901664493,0.5801878014283024,0.3970037453183521,0.4794007490636704,0.07434944237918216,0.07434944237918216,0.4794007490636704,0.3169179789204016,0.17478927836371652,1.7425031425354633,1.5097095461820396,2.650570676229257,1.5097095461820396,2.650570676229257,1.9675944549822535,0.4921995555445761
775,,,,,,,,,,,1.3191642256971732,1.420823783140916,2.6124505587855285,1.3191642256971732,2.6124505587855285,1.7841461892078725,0.5871682115038772,0.4157303370786517,0.4868913857677903,0.07434944237918216,0.07434944237918216,0.4868913857677903,0.32565705507520804,0.1800603803577498,1.6234735629978252,1.5243710792912972,2.650570676229257,1.5243710792912972,2.650570676229257,1.9328051061727933,0.5091469242684676
776,,,,,,,,,,,1.2825993831279303,1.4747899495638335,2.6124505587855285,1.2825993831279303,2.6124505587855285,1.789946630492431,0.5868667296186425,0.41947565543071164,0.4868913857677903,0.07434944237918216,0.07434944237918216,0.4868913857677903,0.3269054945258947,0.18069244548157912,1.6068537842468376,1.4739729478564603,2.650570676229257,1.4739729478564603,2.650570676229257,1.9104658027775183,0.5261373375524762
777,,,,,,,,,,,1.3026215051434382,1.4694256984270535,2.6124505587855285,1.3026215051434382,2.6124505587855285,1.7948325874520066,0.582139885829232,0.4868913857677903,0.45318352059925093,0.07434944237918216,0.07434944237918216,0.4868913857677903,0.3381414495820745,0.18703604348120212,1.5504530364654483,1.50676915038391,2.650570676229257,1.50676915038391,2.650570676229257,1.9025976210262054,0.5291974042252646
778,,,,,,,,,,,1.4002367704963317,1.4332874353115375,2.6124505587855285,1.4002367704963317,2.6124505587855285,1.8153249215311327,0.5638144185145509,0.40823970037453183,0.4756554307116105,0.07434944237918216,0.07434944237918216,0.4756554307116105,0.3194148578217748,0.17545942277111312,1.700340591566393,1.5149453333701088,2.650570676229257,1.5149453333701088,2.650570676229257,1.9552855337219197,0.49743269057833556
779,,,,,,,,,,,1.4002367704963317,1.4712462535271278,2.6124505587855285,1.4002367704963317,2.6124505587855285,1.827977860936329,0.5554629582148426,0.40823970037453183,0.48314606741573035,0.07434944237918216,0.07434944237918216,0.48314606741573035,0.3219117367231481,0.1777039825880182,1.700340591566393,1.4936010105333077,2.650570676229257,1.4936010105333077,2.650570676229257,1.948170759442986,0.5037919847962744
780,,,,,,,,,,,1.4002367704963317,1.508092971948477,2.6124505587855285,1.4002367704963317,2.6124505587855285,1.8402601004101122,0.5477936460946146,0.40823970037453183,0.4794007490636704,0.07434944237918216,0.07434944237918216,0.4794007490636704,0.32066329727246146,0.17657644245845305,1.700340591566393,1.4964816789055584,2.650570676229257,1.4964816789055584,2.650570676229257,1.9491309822337364,0.5029266661599959
781,,,,,,,,,,,1.4002367704963317,1.490471601486206,2.6124505587855285,1.4002367704963317,2.6124505587855285,1.834386310256022,0.5514064213812905,0.40823970037453183,0.50187265917603,0.07434944237918216,0.07434944237918216,0.50187265917603,0.3281539339765813,0.18349263874379532,1.700340591566393,1.477881592757693,2.650570676229257,1.477881592757693,2.650570676229257,1.9429309535177808,0.5085518553744042
782,,,,,,,,,,,1.4002367704963317,1.4980091681847205,2.6124505587855285,1.4002367704963317,2.6124505587855285,1.8368988324888604,0.5498485976816653,0.40823970037453183,0.4943820224719101,0.07434944237918216,0.07434944237918216,0.4943820224719101,0.32565705507520804,0.18114775196565172,1.700340591566393,1.4965709813971644,2.650570676229257,1.4965709813971644,2.650570676229257,1.9491607497309384,0.5028998755550405
783,,,,,,,,,,,1.4002367704963317,1.4384579640168411,2.6124505587855285,1.4002367704963317,2.6124505587855285,1.8170484310995672,0.5626506455780229,0.40823970037453183,0.49063670411985016,0.07434944237918216,0.07434944237918216,0.49063670411985016,0.3244086156245214,0.17998983147140737,1.700340591566393,1.485980563842402,2.650570676229257,1.485980563842402,2.650570676229257,1.9456306105460175,0.5060915118339603
784,,,,,,,,,,,1.4002367704963317,1.467698885844304,2.6124505587855285,1.4002367704963317,2.6124505587855285,1.8267954050420547,0.556224355037046,0.40823970037453183,0.4794007490636704,0.07434944237918216,0.07434944237918216,0.4794007490636704,0.32066329727246146,0.17657644245845305,1.700340591566393,1.4979551070638364,2.650570676229257,1.4979551070638364,2.650570676229257,1.9496221249531622,0.5024849083878877
785,,,,,,,,,,,1.4002367704963317,1.432320862550002,2.6124505587855285,1.4002367704963317,2.6124505587855285,1.8150027306106207,0.5640328750681028,0.40823970037453183,0.49063670411985016,0.07434944237918216,0.07434944237918216,0.49063670411985016,0.3244086156245214,0.17998983147140737,1.700340591566393,1.4923067892088873,2.650570676229257,1.4923067892088873,2.650570676229257,1.9477393523348459,0.5041814607964138
786,,,,,,,,,,,1.4002367704963317,1.4559168402965252,2.6124505587855285,1.4002367704963317,2.6124505587855285,1.8228680565261286,0.5587816887055267,0.40823970037453183,0.50187265917603,0.07434944237918216,0.07434944237918216,0.50187265917603,0.3281539339765813,0.18349263874379532,1.700340591566393,1.4503198848681504,2.650570676229257,1.4503198848681504,2.650570676229257,1.9337437175546004,0.517048195662352
787,,,,,,,,,,,1.4002367704963317,1.5111876744490402,2.6124505587855285,1.4002367704963317,2.6124505587855285,1.8412916679103002,0.5471697189501109,0.40823970037453183,0.4868913857677903,0.07434944237918216,0.07434944237918216,0.4868913857677903,0.32316017617383475,0.17884184417593688,1.700340591566393,1.4742652874314384,2.650570676229257,1.4742652874314384,2.650570676229257,1.9417255184090294,0.5096558342704193
788,,,,,,,,,,,1.4002367704963317,1.4875568151474,2.6124505587855285,1.4002367704963317,2.6124505587855285,1.8334147148097533,0.5520137873874482,0.40823970037453183,0.48314606741573035,0.07434944237918216,0.07434944237918216,0.48314606741573035,0.3219117367231481,0.1777039825880182,1.700340591566393,1.4571333873584476,2.650570676229257,1.4571333873584476,2.650570676229257,1.9360148850513657,0.5149303642720751
789,,,,,,,,,,,1.4002367704963317,1.4339920667501596,2.6124505587855285,1.4002367704963317,2.6124505587855285,1.8155597986773397,0.5636553424837148,0.40823970037453183,0.46441947565543074,0.07434944237918216,0.07434944237918216,0.46441947565543074,0.31566953946971493,0.17217352435356448,1.700340591566393,1.4943083073762473,2.650570676229257,1.4943083073762473,2.650570676229257,1.9484065250572993,0.5035793197537203
790,,,,,,,,,,,1.4002367704963317,1.4942496263063871,2.6124505587855285,1.4002367704963317,2.6124505587855285,1.835645651862749,0.550623284305384,0.40823970037453183,0.4794007490636704,0.07434944237918216,0.07434944237918216,0.4794007490636704,0.32066329727246146,0.17657644245845305,1.700340591566393,1.4749303975801789,2.650570676229257,1.4749303975801789,2.650570676229257,1.9419472217919431,0.50945254212879
791,,,,,,,,,,,1.4002367704963317,1.4808860191932092,2.6124505587855285,1.4002367704963317,2.6124505587855285,1.8311911161583563,0.5534141383866952,0.40823970037453183,0.4606741573033708,0.07434944237918216,0.07434944237918216,0.4606741573033708,0.3144211000190283,0.17110064030625013,1.700340591566393,1.499868671099345,2.650570676229257,1.499868671099345,2.650570676229257,1.9502599796316649,0.501912045117263
792,,,,,,,,,,,1.4002367704963317,1.4223307096041167,2.6124505587855285,1.4002367704963317,2.6124505587855285,1.8116726796286589,0.5663073042948531,0.40823970037453183,0.47191011235955055,0.07434944237918216,0.07434944237918216,0.47191011235955055,0.31816641837108817,0.17435312572853168,1.700340591566393,1.475388017040067,2.650570676229257,1.475388017040067,2.650570676229257,1.9420997616119056,0.5093127348630803
793,,,,,,,,,,,1.4002367704963317,1.457470417022705,2.6124505587855285,1.4002367704963317,2.6124505587855285,1.823385915434855,0.5584419881021785,0.40823970037453183,0.4606741573033708,0.07434944237918216,0.07434944237918216,0.4606741573033708,0.3144211000190283,0.17110064030625013,1.700340591566393,1.492411303609498,2.650570676229257,1.492411303609498,2.650570676229257,1.9477741904683825,0.5041499925590542
794,,,,,,,,,,,1.4002367704963317,1.4622494587531456,2.6124505587855285,1.4002367704963317,2.6124505587855285,1.8249789293450018,0.557401751436369,0.40823970037453183,0.4756554307116105,0.07434944237918216,0.07434944237918216,0.4756554307116105,0.3194148578217748,0.17545942277111312,1.700340591566393,1.4738884034674713,2.650570676229257,1.4738884034674713,2.650570676229257,1.9415998904210408,0.509771079159288
795,,,,,,,,,,,1.4002367704963317,1.414639709546016,2.6124505587855285,1.4002367704963317,2.6124505587855285,1.8091090129426253,0.5680786862288628,0.40823970037453183,0.47191011235955055,0.07434944237918216,0.07434944237918216,0.47191011235955055,0.31816641837108817,0.17435312572853168,1.700340591566393,1.4620873155665308,2.650570676229257,1.4620873155665308,2.650570676229257,1.93766619445406,0.5133976730128658
796,,,,,,,,,,,1.4002367704963317,1.4493825087180505,2.6124505587855285,1.4002367704963317,2.6124505587855285,1.8206899459999704,0.5602186935267699,0.40823970037453183,0.4606741573033708,0.07434944237918216,0.07434944237918216,0.4606741573033708,0.3144211000190283,0.17110064030625013,1.700340591566393,1.4899873764773879,2.650570676229257,1.4899873764773879,2.650570676229257,1.9469662147576792,0.5048805452293325
797,,,,,,,,,,,1.4002367704963317,1.4285681302730853,2.6124505587855285,1.4002367704963317,2.6124505587855285,1.8137518198516485,0.5648837185165502,0.40823970037453183,0.47191011235955055,0.07434944237918216,0.07434944237918216,0.47191011235955055,0.31816641837108817,0.17435312572853168,1.700340591566393,1.476446416940582,2.650570676229257,1.476446416940582,2.650570676229257,1.9424525615787438,0.5089895863898666
798,,,,,,,,,,,1.4002367704963317,1.4881644377341636,2.6124505587855285,1.4002367704963317,2.6124505587855285,1.8336172556720076,0.551886947478382,0.40823970037453183,0.46441947565543074,0.07434944237918216,0.07434944237918216,0.46441947565543074,0.31566953946971493,0.17217352435356448,1.700340591566393,1.4959553864118311,2.650570676229257,1.4959553864118311,2.650570676229257,1.9489555514024939,0.5030845956435651
799,,,,,,,,,,,1.4002367704963317,1.3931954768987802,2.6124505587855285,1.3931954768987802,2.6124505587855285,1.8019609353935468,0.5731099180049374,0.40823970037453183,0.4681647940074906,0.07434944237918216,0.07434944237918216,0.4681647940074906,0.3169179789204015,0.1732577567316807,1.700340591566393,1.4868505219841717,2.650570676229257,1.4868505219841717,2.650570676229257,1.9459205965932742,0.5058282340220532
800,,,,,,,,,,,1.4002367704963317,1.420822367301354,2.6124505587855285,1.4002367704963317,2.6124505587855285,1.8111698988610714,0.5666533118087195,0.40823970037453183,0.45318352059925093,0.07434944237918216,0.07434944237918216,0.45318352059925093,0.311924221117655,0.16898977950076094,1.700340591566393,1.4873882268698475,2.650570676229257,1.4873882268698475,2.650570676229257,1.9460998315551656,0.505665604693018
801,,,,,,,,,,,1.4002367704963317,1.4450550464483407,2.6124505587855285,1.4002367704963317,2.6124505587855285,1.8192474585767335,0.5611776534517747,0.40823970037453183,0.48314606741573035,0.07434944237918216,0.07434944237918216,0.48314606741573035,0.3219117367231481,0.1777039825880182,1.700340591566393,1.4948794971244612,2.650570676229257,1.4948794971244612,2.650570676229257,1.9485969216400372,0.503407674045191
802,,,,,,,,,,,1.4002367704963317,1.4343634165250339,2.6124505587855285,1.4002367704963317,2.6124505587855285,1.8156835819356314,0.5635715680912144,0.40823970037453183,0.47191011235955055,0.07434944237918216,0.07434944237918216,0.47191011235955055,0.31816641837108817,0.17435312572853168,1.700340591566393,1.493043243215325,2.650570676229257,1.493043243215325,2.650570676229257,1.9479848370036585,0.5039597826338924
803,,,,,,,,,,,1.4002367704963317,1.4269198380983792,2.6124505587855285,1.4002367704963317,2.6124505587855285,1.8132023891267466,0.5652587749879688,0.40823970037453183,0.4794007490636704,0.07434944237918216,0.07434944237918216,0.4794007490636704,0.32066329727246146,0.17657644245845305,1.700340591566393,1.4539335305324654,2.650570676229257,1.4539335305324654,2.650570676229257,1.934948266109372,0.5159235636740449
804,,,,,,,,,,,1.4002367704963317,1.4006794773615323,2.6124505587855285,1.4002367704963317,2.6124505587855285,1.804455602214464,0.571338741542207,0.40823970037453183,0.4794007490636704,0.07434944237918216,0.07434944237918216,0.4794007490636704,0.32066329727246146,0.17657644245845305,1.700340591566393,1.4670052108693212,2.650570676229257,1.4670052108693212,2.650570676229257,1.9393054928883238,0.511882128844796
805,,,,,,,,,,,1.4002367704963317,1.4260328439565806,2.6124505587855285,1.4002367704963317,2.6124505587855285,1.8129067244128134,0.5654609427502835,0.40823970037453183,0.47191011235955055,0.07434944237918216,0.07434944237918216,0.47191011235955055,0.31816641837108817,0.17435312572853168,1.700340591566393,1.4878404519977642,2.650570676229257,1.4878404519977642,2.650570676229257,1.9462505732644715,0.5055288866849691
806,,,,,,,,,,,1.4002367704963317,1.450947778041546,2.6124505587855285,1.4002367704963317,2.6124505587855285,1.8212117024411354,0.5598732579274527,0.40823970037453183,0.5056179775280899,0.07434944237918216,0.07434944237918216,0.5056179775280899,0.32940237342726797,0.1846792362313885,1.700340591566393,1.4624114965231678,2.650570676229257,1.4624114965231678,2.650570676229257,1.937774254772939,0.513297585810104
807,,,,,,,,,,,1.4002367704963317,1.491977412884052,2.6124505587855285,1.4002367704963317,2.6124505587855285,1.8348882473886376,0.5510937291393572,0.40823970037453183,0.4943820224719101,0.07434944237918216,0.07434944237918216,0.4943820224719101,0.32565705507520804,0.18114775196565172,1.700340591566393,1.4793090369370994,2.650570676229257,1.4793090369370994,2.650570676229257,1.94340676824425,0.5081170020135989
808,,,,,,,,,,,1.4002367704963317,1.4375976727559017,2.6124505587855285,1.4002367704963317,2.6124505587855285,1.8167616673459204,0.5628437131950019,0.40823970037453183,0.49812734082397003,0.07434944237918216,0.07434944237918216,0.49812734082397003,0.3269054945258947,0.1823154163957647,1.700340591566393,1.465512852097272,2.650570676229257,1.465512852097272,2.650570676229257,1.9388080399643073,0.5123413930789819
809,,,,,,,,,,,1.4002367704963317,1.42791572534121,2.6124505587855285,1.4002367704963317,2.6124505587855285,1.8135343515410234,0.5650320703486867,0.40823970037453183,0.48314606741573035,0.07434944237918216,0.07434944237918216,0.48314606741573035,0.3219117367231481,0.1777039825880182,1.700340591566393,1.463663149415777,2.650570676229257,1.463663149415777,2.650570676229257,1.938191472403809,0.5129113961416559
810,,,,,,,,,,,1.4002367704963317,1.4639983342244074,2.6124505587855285,1.4002367704963317,2.6124505587855285,1.8255618878354225,0.5570228718251345,0.40823970037453183,0.44569288389513106,0.07434944237918216,0.07434944237918216,0.44569288389513106,0.3094273422162817,0.16692692908939322,1.700340591566393,1.466828908366657,2.650570676229257,1.466828908366657,2.650570676229257,1.9392467253874355,0.5119363559588288
811,,,,,,,,,,,1.4002367704963317,1.4927578375889705,2.6124505587855285,1.4002367704963317,2.6124505587855285,1.8351483889569433,0.550931958520687,0.40823970037453183,0.4794007490636704,0.07434944237918216,0.07434944237918216,0.4794007490636704,0.32066329727246146,0.17657644245845305,1.700340591566393,1.4888146794244144,2.650570676229257,1.4888146794244144,2.650570676229257,1.9465753157400212,0.5052345353527413
812,,,,,,,,,,,1.4002367704963317,1.4209202482150152,2.6124505587855285,1.4002367704963317,2.6124505587855285,1.811202525832292,0.5666308376689995,0.40823970037453183,0.49812734082397003,0.07434944237918216,0.07434944237918216,0.49812734082397003,0.3269054945258947,0.1823154163957647,1.700340591566393,1.447918957538819,2.650570676229257,1.447918957538819,2.650570676229257,1.932943408444823,0.5177971558645346
813,,,,,,,,,,,1.4002367704963317,1.4437318600141085,2.6124505587855285,1.4002367704963317,2.6124505587855285,1.8188063964319896,0.5614720224739179,0.40823970037453183,0.46441947565543074,0.07434944237918216,0.07434944237918216,0.46441947565543074,0.31566953946971493,0.17217352435356448,1.700340591566393,1.4732753033941606,2.650570676229257,1.4732753033941606,2.650570676229257,1.941395523729937,0.5099586316326782
814,,,,,,,,,,,1.4002367704963317,1.4533220786314744,2.6124505587855285,1.4002367704963317,2.6124505587855285,1.8220031359711115,0.5593507299601422,0.40823970037453183,0.48314606741573035,0.07434944237918216,0.07434944237918216,0.48314606741573035,0.3219117367231481,0.1777039825880182,1.700340591566393,1.4507415491096982,2.650570676229257,1.4507415491096982,2.650570676229257,1.9338842723017826,0.5169168028994582
815,,,,,,,,,,,1.4002367704963317,1.4296829847189096,2.6124505587855285,1.4002367704963317,2.6124505587855285,1.8141234380002567,0.5646305067440045,0.40823970037453183,0.4681647940074906,0.07434944237918216,0.07434944237918216,0.4681647940074906,0.3169179789204015,0.1732577567316807,1.700340591566393,1.4638920316981912,2.650570676229257,1.4638920316981912,2.650570676229257,1.9382677664979469,0.5128408179118251
816,,,,,,,,,,,1.4002367704963317,1.427674193565662,2.6124505587855285,1.4002367704963317,2.6124505587855285,1.8134538409491743,0.5650870253811187,0.40823970037453183,0.46441947565543074,0.07434944237918216,0.07434944237918216,0.46441947565543074,0.31566953946971493,0.17217352435356448,1.700340591566393,1.479268649990639,2.650570676229257,1.479268649990639,2.650570676229257,1.943393305928763,0.5081292982675834
817,,,,,,,,,,,1.4002367704963317,1.4420526761275072,2.6124505587855285,1.4002367704963317,2.6124505587855285,1.818246668469789,0.5618463651423047,0.40823970037453183,0.47191011235955055,0.07434944237918216,0.07434944237918216,0.47191011235955055,0.31816641837108817,0.17435312572853168,1.700340591566393,1.4843461107225453,2.650570676229257,1.4843461107225453,2.650570676229257,1.9450857928393983,0.5065866786361789
818,,,,,,,,,,,1.4002367704963317,1.4466261671139644,2.6124505587855285,1.4002367704963317,2.6124505587855285,1.8197711654652746,0.5608288268123415,0.40823970037453183,0.45692883895131087,0.07434944237918216,0.07434944237918216,0.45692883895131087,0.31317266056834164,0.17003931940094982,1.700340591566393,1.4992239519897919,2.650570676229257,1.4992239519897919,2.650570676229257,1.9500450732618138,0.5021049465256714
819,,,,,,,,,,,1.4002367704963317,1.4120555877685548,2.6124505587855285,1.4002367704963317,2.6124505587855285,1.8082476390168047,0.5686778075699417,0.40823970037453183,0.48314606741573035,0.07434944237918216,0.07434944237918216,0.48314606741573035,0.3219117367231481,0.1777039825880182,1.700340591566393,1.4614778310618597,2.650570676229257,1.4614778310618597,2.650570676229257,1.9374630329525033,0.5135859147625683
820,,,,,,,,,,,1.4002367704963317,1.3679251285699698,2.6124505587855285,1.3679251285699698,2.6124505587855285,1.7935374859506101,0.5792092173506569,0.40823970037453183,0.48314606741573035,0.07434944237918216,0.07434944237918216,0.48314606741573035,0.3219117367231481,0.1777039825880182,1.700340591566393,1.475806426466181,2.650570676229257,1.475806426466181,2.650570676229257,1.9422392314206103,0.5091849530395552
821,,,,,,,,,,,1.4002367704963317,1.4497067616536068,2.6124505587855285,1.4002367704963317,2.6124505587855285,1.8207980303118223,0.5601470725832542,0.40823970037453183,0.46441947565543074,0.07434944237918216,0.07434944237918216,0.46441947565543074,0.31566953946971493,0.17217352435356448,1.700340591566393,1.4760858356282953,2.650570676229257,1.4760858356282953,2.650570676229257,1.9423323678079818,0.5090996464523005
822,,,,,,,,,,,1.4002367704963317,1.4451106805067795,2.6124505587855285,1.4002367704963317,2.6124505587855285,1.8192660032628798,0.5611652883596494,0.40823970037453183,0.4681647940074906,0.07434944237918216,0.07434944237918216,0.4681647940074906,0.3169179789204015,0.1732577567316807,1.700340591566393,1.4470153756802449,2.650570676229257,1.4470153756802449,2.650570676229257,1.932642214491965,0.518079384766657
823,,,,,,,,,,,1.4002367704963317,1.3914588066247793,2.6124505587855285,1.3914588066247793,2.6124505587855285,1.8013820453022131,0.5735232418048163,0.40823970037453183,0.4794007490636704,0.07434944237918216,0.07434944237918216,0.4794007490636704,0.32066329727246146,0.17657644245845305,1.700340591566393,1.4696614210971732,2.650570676229257,1.4696614210971732,2.650570676229257,1.940190896297608,0.5110660712170823
824,,,,,,,,,,,1.4002367704963317,1.397247527195857,2.6124505587855285,1.397247527195857,2.6124505587855285,1.8033116188259057,0.5721489328331181,0.40823970037453183,0.45318352059925093,0.07434944237918216,0.07434944237918216,0.45318352059925093,0.311924221117655,0.16898977950076094,1.700340591566393,1.489656818493475,2.650570676229257,1.489656818493475,2.650570676229257,1.9468560287630414,0.5049802912675141
825,,,,,,,,,,,1.4002367704963317,1.4610608357649584,2.6124505587855285,1.4002367704963317,2.6124505587855285,1.8245827216822728,0.5576598056672617,0.40823970037453183,0.49812734082397003,0.07434944237918216,0.07434944237918216,0.49812734082397003,0.3269054945258947,0.1823154163957647,1.700340591566393,1.4310649749491544,2.650570676229257,1.4310649749491544,2.650570676229257,1.927325414248268,0.5230934404480143
826,,,,,,,,,,,1.4002367704963317,1.4062488849346455,2.6124505587855285,1.4002367704963317,2.6124505587855285,1.806312071405502,0.570031275169192,0.40823970037453183,0.47191011235955055,0.07434944237918216,0.07434944237918216,0.47191011235955055,0.31816641837108817,0.17435312572853168,1.700340591566393,1.4560648618119487,2.650570676229257,1.4560648618119487,2.650570676229257,1.9356587098691993,0.5152617443399484
827,,,,,,,,,,,1.4002367704963317,1.3949904863650981,2.6124505587855285,1.3949904863650981,2.6124505587855285,1.8025592718823191,0.572683626054036,0.40823970037453183,0.4681647940074906,0.07434944237918216,0.07434944237918216,0.4681647940074906,0.3169179789204015,0.1732577567316807,1.700340591566393,1.4588157871689242,2.650570676229257,1.4588157871689242,2.650570676229257,1.9365756849881912,0.5144091713949159
828,,,,,,,,,,,1.4002367704963317,1.3667510592020475,2.6124505587855285,1.3667510592020475,2.6124505587855285,1.7931461294946358,0.5794969853858761,0.40823970037453183,0.4794007490636704,0.07434944237918216,0.07434944237918216,0.4794007490636704,0.32066329727246146,0.17657644245845305,1.700340591566393,1.4449994956955927,2.650570676229257,1.4449994956955927,2.650570676229257,1.931970254497081,0.5187097411818234
829,,,,,,,,,,,1.4002367704963317,1.405361580848694,2.6124505587855285,1.4002367704963317,2.6124505587855285,1.8060163033768515,0.5702389687038804,0.40823970037453183,0.46441947565543074,0.07434944237918216,0.07434944237918216,0.46441947565543074,0.31566953946971493,0.17217352435356448,1.700340591566393,1.4420031630591061,2.650570676229257,1.4420031630591061,2.650570676229257,1.9309714769515853,0.5196484789052045
830,,,,,,,,,,,1.4002367704963317,1.4613719279949482,2.6124505587855285,1.4002367704963317,2.6124505587855285,1.8246864190922694,0.557592223589121,0.40823970037453183,0.4794007490636704,0.07434944237918216,0.07434944237918216,0.4794007490636704,0.32066329727246146,0.17657644245845305,1.700340591566393,1.459210699863648,2.650570676229257,1.459210699863648,2.650570676229257,1.9367073225530993,0.5142869315595934
831,,,,,,,,,,,1.4002367704963317,1.4161040141032293,2.6124505587855285,1.4002367704963317,2.6124505587855285,1.8095971144616965,0.5677400708962395,0.40823970037453183,0.47191011235955055,0.07434944237918216,0.07434944237918216,0.47191011235955055,0.31816641837108817,0.17435312572853168,1.700340591566393,1.455979163280587,2.650570676229257,1.455979163280587,2.650570676229257,1.935630143692079,0.515288333981974
832,,,,,,,,,,,1.4002367704963317,1.4056146355775687,2.6124505587855285,1.4002367704963317,2.6124505587855285,1.806100654953143,0.5701797119716328,0.40823970037453183,0.48314606741573035,0.07434944237918216,0.07434944237918216,0.48314606741573035,0.3219117367231481,0.1777039825880182,1.700340591566393,1.4789391555143205,2.650570676229257,1.4789391555143205,2.650570676229257,1.943283474436657,0.5082296320471583
833,,,,,,,,,,,1.4002367704963317,1.4483746528625487,2.6124505587855285,1.4002367704963317,2.6124505587855285,1.8203539940481364,0.5604415163251554,0.40823970037453183,0.4794007490636704,0.07434944237918216,0.07434944237918216,0.4794007490636704,0.32066329727246146,0.17657644245845305,1.700340591566393,1.4844499433531744,2.650570676229257,1.4844499433531744,2.650570676229257,1.9451204037162748,0.5065552014920399
834,,,,,,,,,,,1.4002367704963317,1.3897551233951861,2.6124505587855285,1.3897551233951861,2.6124505587855285,1.800814150892349,0.5739295602509633,0.40823970037453183,0.50187265917603,0.07434944237918216,0.07434944237918216,0.50187265917603,0.3281539339765813,0.18349263874379532,1.700340591566393,1.460867062043608,2.650570676229257,1.460867062043608,2.650570676229257,1.9372594432797527,0.5137746452317279
835,,,,,,,,,,,1.4002367704963317,1.412037339577308,2.6124505587855285,1.4002367704963317,2.6124505587855285,1.8082415562863894,0.5686820453956991,0.40823970037453183,0.4606741573033708,0.07434944237918216,0.07434944237918216,0.4606741573033708,0.3144211000190283,0.17110064030625013,1.700340591566393,1.4738026875235168,2.650570676229257,1.4738026875235168,2.650570676229257,1.9415713184397223,0.5097972946845406
836,,,,,,,,,,,1.4002367704963317,1.4213062378076406,2.6124505587855285,1.4002367704963317,2.6124505587855285,1.8113311890298336,0.5665422397088716,0.40823970037453183,0.4756554307116105,0.07434944237918216,0.07434944237918216,0.4756554307116105,0.3194148578217748,0.17545942277111312,1.700340591566393,1.4834138056758637,2.650570676229257,1.4834138056758637,2.650570676229257,1.9447750244905044,0.5068694336277649
837,,,,,,,,,,,1.4002367704963317,1.414163901255681,2.6124505587855285,1.4002367704963317,2.6124505587855285,1.8089504101791805,0.568188852319728,0.40823970037453183,0.47191011235955055,0.07434944237918216,0.07434944237918216,0.47191011235955055,0.31816641837108817,0.17435312572853168,1.700340591566393,1.4730241847841927,2.650570676229257,1.4730241847841927,2.650570676229257,1.9413118175266142,0.5100354782981437
838,,,,,,,,,,,1.4002367704963317,1.4107007870307335,2.6124505587855285,1.4002367704963317,2.6124505587855285,1.8077960387708647,0.5689927043149908,0.40823970037453183,0.4794007490636704,0.07434944237918216,0.07434944237918216,0.4794007490636704,0.32066329727246146,0.17657644245845305,1.700340591566393,1.478068912073914,2.650570676229257,1.478068912073914,2.650570676229257,1.9429933932898547,0.5084947612808036
839,,,,,,,,,,,1.4002367704963317,1.4042295474272508,2.6124505587855285,1.4002367704963317,2.6124505587855285,1.805638958903037,0.5705042821023135,0.40823970037453183,0.4756554307116105,0.07434944237918216,0.07434944237918216,0.4756554307116105,0.3194148578217748,0.17545942277111312,1.700340591566393,1.456505516495151,2.650570676229257,1.456505516495151,2.650570676229257,1.9358055947636004,0.5151250509799892
840,,,,,,,,,,,1.4002367704963317,1.3978081721525926,2.6124505587855285,1.3978081721525926,2.6124505587855285,1.8034985004781507,0.5720163453388873,0.40823970037453183,0.49063670411985016,0.07434944237918216,0.07434944237918216,0.49063670411985016,0.3244086156245214,0.17998983147140737,1.700340591566393,1.4430690244788982,2.650570676229257,1.4430690244788982,2.650570676229257,1.9313267640915164,0.519314303460705
841,,,,,,,,,,,1.4002367704963317,1.401935051037715,2.6124505587855285,1.4002367704963317,2.6124505587855285,1.8048741267731916,0.5710431922925687,0.40823970037453183,0.49812734082397003,0.07434944237918216,0.07434944237918216,0.49812734082397003,0.3269054945258947,0.1823154163957647,1.700340591566393,1.451939579252893,2.650570676229257,1.451939579252893,2.650570676229257,1.9342836156828476,0.5165437255187951
842,,,,,,,,,,,1.4002367704963317,1.3716611311985896,2.6124505587855285,1.3716611311985896,2.6124505587855285,1.79478282016015,0.5782960832663916,0.40823970037453183,0.4868913857677903,0.07434944237918216,0.07434944237918216,0.4868913857677903,0.32316017617383475,0.17884184417593688,1.700340591566393,1.4496449982182364,2.650570676229257,1.4496449982182364,2.650570676229257,1.9335187553379622,0.51725858334845
843,,,,,,,,,,,1.4002367704963317,1.4255249243516188,2.6124505587855285,1.4002367704963317,2.6124505587855285,1.8127374178778262,0.5655768167612595,0.40823970037453183,0.4943820224719101,0.07434944237918216,0.07434944237918216,0.4943820224719101,0.32565705507520804,0.18114775196565172,1.700340591566393,1.451584035091186,2.650570676229257,1.451584035091186,2.650570676229257,1.9341651009622787,0.5166544088669965
844,,,,,,,,,,,1.4002367704963317,1.3785367873998788,2.6124505587855285,1.3785367873998788,2.6124505587855285,1.7970747055605798,0.5766258514457658,0.40823970037453183,0.4606741573033708,0.07434944237918216,0.07434944237918216,0.4606741573033708,0.3144211000190283,0.17110064030625013,1.700340591566393,1.47267372911789,2.650570676229257,1.47267372911789,2.650570676229257,1.94119499897118,0.5101427503998615
845,,,,,,,,,,,1.4002367704963317,1.337502516233004,2.6124505587855285,1.337502516233004,2.6124505587855285,1.7833966151716212,0.5867888477302106,0.40823970037453183,0.43820224719101125,0.07434944237918216,0.07434944237918216,0.43820224719101125,0.3069304633149084,0.1649138907178753,1.700340591566393,1.4812134517712539,2.650570676229257,1.4812134517712539,2.650570676229257,1.944041573188968,0.507537654386934
846,,,,,,,,,,,1.4002367704963317,1.3987747595860407,2.6124505587855285,1.3987747595860407,2.6124505587855285,1.8038206962893002,0.5717879707604193,0.40823970037453183,0.46441947565543074,0.07434944237918216,0.07434944237918216,0.46441947565543074,0.31566953946971493,0.17217352435356448,1.700340591566393,1.487271696440736,2.650570676229257,1.487271696440736,2.650570676229257,1.9460609880787956,0.5057008430820952
847,,,,,,,,,,,1.4002367704963317,1.41420626273522,2.6124505587855285,1.4002367704963317,2.6124505587855285,1.80896453067236,0.5681790414462443,0.40823970037453183,0.4681647940074906,0.07434944237918216,0.07434944237918216,0.4681647940074906,0.3169179789204015,0.1732577567316807,1.700340591566393,1.482041310728266,2.650570676229257,1.482041310728266,2.650570676229257,1.9443175261746386,0.5072860980913791
848,,,,,,,,,,,1.4002367704963317,1.394870352745056,2.6124505587855285,1.394870352745056,2.6124505587855285,1.8025192273423052,0.5727121271342257,0.40823970037453183,0.4756554307116105,0.07434944237918216,0.07434944237918216,0.4756554307116105,0.3194148578217748,0.17545942277111312,1.700340591566393,1.4401794761307678,2.650570676229257,1.4401794761307678,2.650570676229257,1.930363581308806,0.5202208801246473
849,,,,,,,,,,,1.4002367704963317,1.3564097257760854,2.6124505587855285,1.3564097257760854,2.6124505587855285,1.7896990183526487,0.5820482657109777,0.40823970037453183,0.49812734082397003,0.07434944237918216,0.07434944237918216,0.49812734082397003,0.3269054945258947,0.1823154163957647,1.700340591566393,1.4336235264267367,2.650570676229257,1.4336235264267367,2.650570676229257,1.9281782647407955,0.5222851043515498
850,,,,,,,,,,,1.4002367704963317,1.3474300586260282,2.6124505587855285,1.3474300586260282,2.6124505587855285,1.786705795969296,0.5842875702902154,0.40823970037453183,0.4794007490636704,0.07434944237918216,0.07434944237918216,0.4794007490636704,0.32066329727246146,0.17657644245845305,1.700340591566393,1.4479788398921267,2.650570676229257,1.4479788398921267,2.650570676229257,1.932963369229259,0.51777845888106
851,,,,,,,,,,,1.4002367704963317,1.4356490153532762,2.6124505587855285,1.4002367704963317,2.6124505587855285,1.8161121148783785,0.5632818682831284,0.40823970037453183,0.4756554307116105,0.07434944237918216,0.07434944237918216,0.4756554307116105,0.3194148578217748,0.17545942277111312,1.700340591566393,1.441831607943617,2.650570676229257,1.441831607943617,2.650570676229257,1.9309142919130888,0.519702291232641
852,,,,,,,,,,,1.4002367704963317,1.388744645852309,2.6124505587855285,1.388744645852309,2.6124505587855285,1.8004773250447232,0.5741709481015992,0.40823970037453183,0.48314606741573035,0.07434944237918216,0.07434944237918216,0.48314606741573035,0.3219117367231481,0.1777039825880182,1.700340591566393,1.4702270968576496,2.650570676229257,1.4702270968576496,2.650570676229257,1.940379454884433,0.5108925087649437
853,,,,,,,,,,,1.4002367704963317,1.4257142782211303,2.6124505587855285,1.4002367704963317,2.6124505587855285,1.8128005358343302,0.5655336095254675,0.40823970037453183,0.5168539325842697,0.07434944237918216,0.07434944237918216,0.5168539325842697,0.3331476917793279,0.18829350011628607,1.700340591566393,1.4444772875710818,2.650570676229257,1.4444772875710818,2.650570676229257,1.9317961851222438,0.5188731922043244
854,,,,,,,,,,,1.4002367704963317,1.4088820714216965,2.6124505587855285,1.4002367704963317,2.6124505587855285,1.807189800234519,0.5694162813815759,0.40823970037453183,0.4794007490636704,0.07434944237918216,0.07434944237918216,0.4794007490636704,0.32066329727246146,0.17657644245845305,1.700340591566393,1.4587015351106165,2.650570676229257,1.4587015351106165,2.650570676229257,1.9365376009687558,0.5144445437075386
855,,,,,,,,,,,1.4002367704963317,1.3799799699049728,2.6124505587855285,1.3799799699049728,2.6124505587855285,1.797555766395611,0.5762769742006035,0.40823970037453183,0.4681647940074906,0.07434944237918216,0.07434944237918216,0.4681647940074906,0.3169179789204015,0.1732577567316807,1.700340591566393,1.4367733550875375,2.650570676229257,1.4367733550875375,2.650570676229257,1.9292282076277292,0.5212920741084183
856,,,,,,,,,,,1.4002367704963317,1.4022269340661855,2.6124505587855285,1.4002367704963317,2.6124505587855285,1.804971421116015,0.5709745519818925,0.40823970037453183,0.4794007490636704,0.07434944237918216,0.07434944237918216,0.4794007490636704,0.32066329727246146,0.17657644245845305,1.700340591566393,1.4847225589252144,2.650570676229257,1.4847225589252144,2.650570676229257,1.9452112755736213,0.5064725705438687
857,,,,,,,,,,,1.4002367704963317,1.4106243555362408,2.6124505587855285,1.4002367704963317,2.6124505587855285,1.8077705616060336,0.5690104854782755,0.40823970037453183,0.4868913857677903,0.07434944237918216,0.07434944237918216,0.4868913857677903,0.32316017617383475,0.17884184417593688,1.700340591566393,1.4395087796650576,2.650570676229257,1.4395087796650576,2.650570676229257,1.9301400158202362,0.5204315906808933
858,,,,,,,,,,,1.4002367704963317,1.4290028342833885,2.6124505587855285,1.4002367704963317,2.6124505587855285,1.813896721188416,0.5647849415262749,0.40823970037453183,0.4943820224719101,0.07434944237918216,0.07434944237918216,0.4943820224719101,0.32565705507520804,0.18114775196565172,1.700340591566393,1.4635316352272747,2.650570676229257,1.4635316352272747,2.650570676229257,1.9381476343409751,0.5129519557818389
859,,,,,,,,,,,1.4002367704963317,1.3763584485420814,2.6124505587855285,1.3763584485420814,2.6124505587855285,1.7963485926079805,0.5771535659100228,0.40823970037453183,0.47191011235955055,0.07434944237918216,0.07434944237918216,0.47191011235955055,0.31816641837108817,0.17435312572853168,1.700340591566393,1.4533122987782912,2.650570676229257,1.4533122987782912,2.650570676229257,1.9347411888579806,0.5161166764741733
860,,,,,,,,,,,1.4002367704963317,1.386329395037431,2.6124505587855285,1.386329395037431,2.6124505587855285,1.7996722414397635,0.5747491038900355,0.40823970037453183,0.46441947565543074,0.07434944237918216,0.07434944237918216,0.46441947565543074,0.31566953946971493,0.17217352435356448,1.700340591566393,1.4872405819232097,2.650570676229257,1.4872405819232097,2.650570676229257,1.9460506165729534,0.505710252596005
861,,,,,,,,,,,1.4002367704963317,1.369737379367535,2.6124505587855285,1.369737379367535,2.6124505587855285,1.7941415695497984,0.5787657871786643,0.40823970037453183,0.4606741573033708,0.07434944237918216,0.07434944237918216,0.4606741573033708,0.3144211000190283,0.17110064030625013,1.700340591566393,1.4614789941337671,2.650570676229257,1.4614789941337671,2.650570676229257,1.9374634206431391,0.5135855554557522
862,,,,,,,,,,,1.4002367704963317,1.347251134652358,2.6124505587855285,1.347251134652358,2.6124505587855285,1.7866461546447396,0.5843324138565823,0.40823970037453183,0.48314606741573035,0.07434944237918216,0.07434944237918216,0.48314606741573035,0.3219117367231481,0.1777039825880182,1.700340591566393,1.4383951595213529,2.650570676229257,1.4383951595213529,2.650570676229257,1.9297688091056677,0.5207816887967261
863,,,,,,,,,,,1.4002367704963317,1.3921177570636456,2.6124505587855285,1.3921177570636456,2.6124505587855285,1.8016016954485021,0.5733663104717559,0.40823970037453183,0.4606741573033708,0.07434944237918216,0.07434944237918216,0.4606741573033708,0.3144211000190283,0.17110064030625013,1.700340591566393,1.49948574317975,2.650570676229257,1.49948574317975,2.650570676229257,1.9501323369917998,0.5020266047634001
864,,,,,,,,,,,1.4002367704963317,1.3754366342837994,2.6124505587855285,1.3754366342837994,2.6124505587855285,1.796041321188553,0.5773772851520318,0.40823970037453183,0.47191011235955055,0.07434944237918216,0.07434944237918216,0.47191011235955055,0.31816641837108817,0.17435312572853168,1.700340591566393,1.4362980471121685,2.650570676229257,1.4362980471121685,2.650570676229257,1.9290697716359393,0.5214417722796394
865,,,,,,,,,,,1.4002367704963317,1.3854714833773099,2.6124505587855285,1.3854714833773099,2.6124505587855285,1.7993862708863901,0.5749548710514166,0.40823970037453183,0.4606741573033708,0.07434944237918216,0.07434944237918216,0.4606741573033708,0.3144211000190283,0.17110064030625013,1.700340591566393,1.4234909613927205,2.650570676229257,1.4234909613927205,2.650570676229257,1.92480074306279,0.5254952751758213
866,,,,,,,,,,,1.4002367704963317,1.3682589329206027,2.6124505587855285,1.3682589329206027,2.6124505587855285,1.7936487540674875,0.5791274713343315,0.40823970037453183,0.46441947565543074,0.07434944237918216,0.07434944237918216,0.46441947565543074,0.31566953946971493,0.17217352435356448,1.700340591566393,1.4400365151716081,2.650570676229257,1.4400365151716081,2.650570676229257,1.9303159276557527,0.5202657847542588
867,,,,,,,,,,,1.4002367704963317,1.3668028776462262,2.6124505587855285,1.3668028776462262,2.6124505587855285,1.7931634023093619,0.5794842763888594,0.40823970037453183,0.46441947565543074,0.07434944237918216,0.07434944237918216,0.46441947565543074,0.31566953946971493,0.17217352435356448,1.700340591566393,1.4338862815599762,2.650570676229257,1.4338862815599762,2.650570676229257,1.928265849785209,0.5222021776786739
868,,,,,,,,,,,1.4002367704963317,1.3318844024951642,2.6124505587855285,1.3318844024951642,2.6124505587855285,1.7815239105923417,0.5882161351980608,0.40823970037453183,0.4756554307116105,0.07434944237918216,0.07434944237918216,0.4756554307116105,0.3194148578217748,0.17545942277111312,1.700340591566393,1.4611340578129228,2.650570676229257,1.4611340578129228,2.650570676229257,1.9373484418695242,0.5136921309736697
869,,,,,,,,,,,1.4002367704963317,1.3559854195668146,2.6124505587855285,1.3559854195668146,2.6124505587855285,1.7895575829495582,0.5821535781188705,0.40823970037453183,0.4419475655430712,0.07434944237918216,0.07434944237918216,0.4419475655430712,0.30817890276559506,0.16591406902772668,1.700340591566393,1.4628728101316015,2.650570676229257,1.4628728101316015,2.650570676229257,1.9379280259757508,0.5131552052580498
870,,,,,,,,,,,1.4002367704963317,1.4279263854026794,2.6124505587855285,1.4002367704963317,2.6124505587855285,1.8135379048948466,0.565029645300967,0.40823970037453183,0.449438202247191,0.07434944237918216,0.07434944237918216,0.449438202247191,0.31067578166696835,0.16795224146566634,1.700340591566393,1.4748635885867287,2.650570676229257,1.4748635885867287,2.650570676229257,1.9419249521274597,0.5094729573680324
871,,,,,,,,,,,1.4002367704963317,1.372052575991704,2.6124505587855285,1.372052575991704,2.6124505587855285,1.7949133017578547,0.5782006354062105,0.40823970037453183,0.4868913857677903,0.07434944237918216,0.07434944237918216,0.4868913857677903,0.32316017617383475,0.17884184417593688,1.700340591566393,1.4135865330249628,2.650570676229257,1.4135865330249628,2.650570676229257,1.9214992669402042,0.5286560396606598
872,,,,,,,,,,,1.4002367704963317,1.3995634097319383,2.6124505587855285,1.3995634097319383,2.6124505587855285,1.804083579671266,0.5716018387219192,0.40823970037453183,0.4756554307116105,0.07434944237918216,0.07434944237918216,0.4756554307116105,0.3194148578217748,0.17545942277111312,1.700340591566393,1.431803729650233,2.650570676229257,1.431803729650233,2.650570676229257,1.9275716658152942,0.522859884574967
873,,,,,,,,,,,1.4002367704963317,1.3590973450587347,2.6124505587855285,1.3590973450587347,2.6124505587855285,1.790594891446865,0.5813823564195046,0.40823970037453183,0.4794007490636704,0.07434944237918216,0.07434944237918216,0.4794007490636704,0.32066329727246146,0.17657644245845305,1.700340591566393,1.4580038500189334,2.650570676229257,1.4580038500189334,2.650570676229257,1.936305039271528,0.5146606157977204
874,,,,,,,,,,,1.4002367704963317,1.3816859520398654,2.6124505587855285,1.3816859520398654,2.6124505587855285,1.7981244271072416,0.5758653313446023,0.40823970037453183,0.47191011235955055,0.07434944237918216,0.07434944237918216,0.47191011235955055,0.31816641837108817,0.17435312572853168,1.700340591566393,1.431653975993953,2.650570676229257,1.431653975993953,2.650570676229257,1.9275217479298679,0.5229072185917975
875,,,,,,,,,,,1.4002367704963317,1.3804593691459068,2.6124505587855285,1.3804593691459068,2.6124505587855285,1.797715566142589,0.5761612144638639,0.40823970037453183,0.4606741573033708,0.07434944237918216,0.07434944237918216,0.4606741573033708,0.3144211000190283,0.17110064030625013,1.700340591566393,1.476198815674371,2.650570676229257,1.476198815674371,2.650570676229257,1.9423700278233405,0.5090651580606214
876,,,,,,,,,,,1.4002367704963317,1.3685338753920335,2.6124505587855285,1.3685338753920335,2.6124505587855285,1.7937404015579645,0.579060163569777,0.40823970037453183,0.4756554307116105,0.07434944237918216,0.07434944237918216,0.4756554307116105,0.3194148578217748,0.17545942277111312,1.700340591566393,1.4545899080426505,2.650570676229257,1.4545899080426505,2.650570676229257,1.9351670586127667,0.5157196277611623
877,,,,,,,,,,,1.4002367704963317,1.342366369870993,2.6124505587855285,1.342366369870993,2.6124505587855285,1.7850178997176176,0.5855600451910857,0.40823970037453183,0.449438202247191,0.07434944237918216,0.07434944237918216,0.449438202247191,0.31067578166696835,0.16795224146566634,1.700340591566393,1.4581046300880918,2.650570676229257,1.4581046300880918,2.650570676229257,1.9363386326279137,0.5146293969699894
878,,,,,,,,,,,1.4002367704963317,1.3590283925716693,2.6124505587855285,1.3590283925716693,2.6124505587855285,1.7905719072845099,0.5813994157476969,0.40823970037453183,0.47191011235955055,0.07434944237918216,0.07434944237918216,0.47191011235955055,0.31816641837108817,0.17435312572853168,1.700340591566393,1.4355942801143347,2.650570676229257,1.4355942801143347,2.650570676229257,1.9288351826366614,0.5216635214327195
879,,,,,,,,,,,1.4002367704963317,1.3929965917880718,2.6124505587855285,1.3929965917880718,2.6124505587855285,1.8018946403566438,0.5731572080572667,0.40823970037453183,0.48314606741573035,0.07434944237918216,0.07434944237918216,0.48314606741573035,0.3219117367231481,0.1777039825880182,1.700340591566393,1.4395222253120794,2.650570676229257,1.4395222253120794,2.650570676229257,1.9301444977025763,0.5204273654563846
880,,,,,,,,,,,1.4002367704963317,1.3879257458906906,2.6124505587855285,1.3879257458906906,2.6124505587855285,1.8002043583908502,0.5743667863386044,0.40823970037453183,0.50187265917603,0.07434944237918216,0.07434944237918216,0.50187265917603,0.3281539339765813,0.18349263874379532,1.700340591566393,1.4137372082092343,2.650570676229257,1.4137372082092343,2.650570676229257,1.9215494920016283,0.5286077878903119
881,,,,,,,,,,,1.4002367704963317,1.364363802396334,2.6124505587855285,1.364363802396334,2.6124505587855285,1.7923503772260645,0.580083297642373,0.40823970037453183,0.46441947565543074,0.07434944237918216,0.07434944237918216,0.46441947565543074,0.31566953946971493,0.17217352435356448,1.700340591566393,1.4649510455042236,2.650570676229257,1.4649510455042236,2.650570676229257,1.9386207710999581,0.5125144291686184
882,,,,,,,,,,,1.4002367704963317,1.3241042971611023,2.6124505587855285,1.3241042971611023,2.6124505587855285,1.7789305421476544,0.5902066033607986,0.40823970037453183,0.4681647940074906,0.07434944237918216,0.07434944237918216,0.4681647940074906,0.3169179789204015,0.1732577567316807,1.700340591566393,1.4562379224470046,2.650570676229257,1.4562379224470046,2.650570676229257,1.9357163967475515,0.5152080543740128
883,,,,,,,,,,,1.4002367704963317,1.361715788107652,2.6124505587855285,1.361715788107652,2.6124505587855285,1.791467705796504,0.5807355107663302,0.40823970037453183,0.4943820224719101,0.07434944237918216,0.07434944237918216,0.4943820224719101,0.32565705507520804,0.18114775196565172,1.700340591566393,1.4232994693048884,2.650570676229257,1.4232994693048884,2.650570676229257,1.9247369123668463,0.5255561723406194
884,,,,,,,,,,,1.4002367704963317,1.380395677456489,2.6124505587855285,1.380395677456489,2.6124505587855285,1.7976943355794497,0.5761765902238821,0.40823970037453183,0.449438202247191,0.07434944237918216,0.07434944237918216,0.449438202247191,0.31067578166696835,0.16795224146566634,1.700340591566393,1.4968010057670793,2.650570676229257,1.4968010057670793,2.650570676229257,1.9492374245209099,0.5028308782686892
885,,,,,,,,,,,1.4002367704963317,1.3689470107738788,2.6124505587855285,1.3689470107738788,2.6124505587855285,1.7938781133519128,0.5789590650948472,0.40823970037453183,0.47191011235955055,0.07434944237918216,0.07434944237918216,0.47191011235955055,0.31816641837108817,0.17435312572853168,1.700340591566393,1.4318720093380646,2.650570676229257,1.4318720093380646,2.650570676229257,1.9275944257112385,0.5228383045268343
886,,,,,,,,,,,1.4002367704963317,1.3656825835888202,2.6124505587855285,1.3656825835888202,2.6124505587855285,1.7927899709568933,0.5797592071356852,0.40823970037453183,0.4606741573033708,0.07434944237918216,0.07434944237918216,0.4606741573033708,0.3144211000190283,0.17110064030625013,1.700340591566393,1.465012661526712,2.650570676229257,1.465012661526712,2.650570676229257,1.9386413097741209,0.5124954476416346
887,,,,,,,,,,,1.4002367704963317,1.3604868962214542,2.6124505587855285,1.3604868962214542,2.6124505587855285,1.7910580751677714,0.5810388525357133,0.40823970037453183,0.47191011235955055,0.07434944237918216,0.07434944237918216,0.47191011235955055,0.31816641837108817,0.17435312572853168,1.700340591566393,1.4453741758503718,2.650570676229257,1.4453741758503718,2.650570676229257,1.9320951478820074,0.5185925066377027
888,,,,,,,,,,,1.4002367704963317,1.388663205733666,2.6124505587855285,1.388663205733666,2.6124505587855285,1.8004501783385087,0.57419041570714,0.40823970037453183,0.47191011235955055,0.07434944237918216,0.07434944237918216,0.47191011235955055,0.31816641837108817,0.17435312572853168,1.700340591566393,1.483589317021745,2.650570676229257,1.483589317021745,2.650570676229257,1.944833528272465,0.5068161864416083
889,,,,,,,,,,,1.4002367704963317,1.3997196967785175,2.6124505587855285,1.3997196967785175,2.6124505587855285,1.804135675353459,0.5715649743902887,0.40823970037453183,0.45692883895131087,0.07434944237918216,0.07434944237918216,0.45692883895131087,0.31317266056834164,0.17003931940094982,1.700340591566393,1.4448541371563401,2.650570676229257,1.4448541371563401,2.650570676229257,1.9319218016506632,0.5187552318107673
890,,,,,,,,,,,1.4002367704963317,1.4060598410092868,2.6124505587855285,1.4002367704963317,2.6124505587855285,1.8062490567637155,0.5700755057792607,0.40823970037453183,0.46441947565543074,0.07434944237918216,0.07434944237918216,0.46441947565543074,0.31566953946971493,0.17217352435356448,1.700340591566393,1.450445018011086,2.650570676229257,1.450445018011086,2.650570676229257,1.9337854286022456,0.5170091990364204
891,,,,,,,,,,,1.4002367704963317,1.3907282059009258,2.6124505587855285,1.3907282059009258,2.6124505587855285,1.8011385117275953,0.5736973833396644,0.40823970037453183,0.47191011235955055,0.07434944237918216,0.07434944237918216,0.47191011235955055,0.31816641837108817,0.17435312572853168,1.700340591566393,1.4662168552813013,2.650570676229257,1.4662168552813013,2.650570676229257,1.9390427076923171,0.5121246713322524
892,,,,,,,,,,,1.4002367704963317,1.3884760966667762,2.6124505587855285,1.3884760966667762,2.6124505587855285,1.8003878086495455,0.574235149847774,0.40823970037453183,0.44569288389513106,0.07434944237918216,0.07434944237918216,0.44569288389513106,0.3094273422162817,0.16692692908939322,1.700340591566393,1.4775397536459933,2.650570676229257,1.4775397536459933,2.650570676229257,1.9428170071472144,0.5086560694082845
893,,,,,,,,,,,1.4002367704963317,1.3735945958357592,2.6124505587855285,1.3735945958357592,2.6124505587855285,1.7954273083725398,0.5778250572357317,0.40823970037453183,0.4681647940074906,0.07434944237918216,0.07434944237918216,0.4681647940074906,0.3169179789204015,0.1732577567316807,1.700340591566393,1.4371027348193337,2.650570676229257,1.4371027348193337,2.650570676229257,1.9293380008716614,0.5211883672971496
894,,,,,,,,,,,1.4002367704963317,1.3786171362950252,2.6124505587855285,1.3786171362950252,2.6124505587855285,1.7971014885256285,0.5766064122235733,0.40823970037453183,0.4681647940074906,0.07434944237918216,0.07434944237918216,0.4681647940074906,0.3169179789204015,0.1732577567316807,1.700340591566393,1.4758555500694874,2.650570676229257,1.4758555500694874,2.650570676229257,1.9422556059550458,0.5091699536481818
895,,,,,,,,,,,1.4002367704963317,1.3417657448695257,2.6124505587855285,1.3417657448695257,2.6124505587855285,1.7848176913837952,0.5857114406782996,0.40823970037453183,0.48314606741573035,0.07434944237918216,0.07434944237918216,0.48314606741573035,0.3219117367231481,0.1777039825880182,1.700340591566393,1.4592656464165963,2.650570676229257,1.4592656464165963,2.650570676229257,1.9367256380707485,0.5142699266418923
896,,,,,,,,,,,1.4002367704963317,1.402730103639456,2.6124505587855285,1.4002367704963317,2.6124505587855285,1.8051391443071054,0.5708562832201609,0.40823970037453183,0.48314606741573035,0.07434944237918216,0.07434944237918216,0.48314606741573035,0.3219117367231481,0.1777039825880182,1.700340591566393,1.4679281269566398,2.650570676229257,1.4679281269566398,2.650570676229257,1.9396131315840968,0.5115983848960702
897,,,,,,,,,,,1.4002367704963317,1.3796716488324678,2.6124505587855285,1.3796716488324678,2.6124505587855285,1.797452992704776,0.5763514585131919,0.40823970037453183,0.4756554307116105,0.07434944237918216,0.07434944237918216,0.4756554307116105,0.3194148578217748,0.17545942277111312,1.700340591566393,1.446070840742704,2.650570676229257,1.446070840742704,2.650570676229257,1.9323273695127847,0.5183746150409275
898,,,,,,,,,,,1.4002367704963317,1.371652027276846,2.6124505587855285,1.371652027276846,2.6124505587855285,1.7947797855195688,0.578298303632445,0.40823970037453183,0.4794007490636704,0.07434944237918216,0.07434944237918216,0.4794007490636704,0.32066329727246146,0.17657644245845305,1.700340591566393,1.46192217274998,2.650570676229257,1.46192217274998,2.650570676229257,1.9376111468485433,0.5134486689753295
899,,,,,,,,,,,1.4002367704963317,1.369826944057758,2.6124505587855285,1.369826944057758,2.6124505587855285,1.7941714244465394,0.5787438959545232,0.40823970037453183,0.49812734082397003,0.07434944237918216,0.07434944237918216,0.49812734082397003,0.3269054945258947,0.1823154163957647,1.700340591566393,1.460600543111451,2.650570676229257,1.460600543111451,2.650570676229257,1.9371706036357004,0.5138570296562157
900,,,,,,,,,,,1.4002367704963317,1.4387808799743653,2.6124505587855285,1.4002367704963317,2.6124505587855285,1.817156069752075,0.5625782347425703,0.40823970037453183,0.5093632958801498,0.07434944237918216,0.07434944237918216,0.5093632958801498,0.3306508128779546,0.18587502931030073,1.700340591566393,1.4389275486549635,2.650570676229257,1.4389275486549635,2.650570676229257,1.9299462721502045,0.5206142804846152
901,,,,,,,,,,,1.4002367704963317,1.3941452567393964,2.6124505587855285,1.3941452567393964,2.6124505587855285,1.802277528673752,0.5728842411722956,0.40823970037453183,0.5056179775280899,0.07434944237918216,0.07434944237918216,0.5056179775280899,0.32940237342726797,0.1846792362313885,1.700340591566393,1.4438827729850225,2.650570676229257,1.4438827729850225,2.650570676229257,1.9315980135935575,0.5190593545963567
902,,,,,,,,,,,1.4002367704963317,1.3863878800318792,2.6124505587855285,1.3863878800318792,2.6124505587855285,1.7996917364379132,0.5747350841443886,0.40823970037453183,0.49063670411985016,0.07434944237918216,0.07434944237918216,0.49063670411985016,0.3244086156245214,0.17998983147140737,1.700340591566393,1.4206994231720542,2.650570676229257,1.4206994231720542,2.650570676229257,1.923870230322568,0.5263838582416025
903,,,,,,,,,,,1.4002367704963317,1.3896045904893142,2.6124505587855285,1.3896045904893142,2.6124505587855285,1.8007639732570582,0.5739655016683352,0.40823970037453183,0.4681647940074906,0.07434944237918216,0.07434944237918216,0.4681647940074906,0.3169179789204015,0.1732577567316807,1.700340591566393,1.4657305800512936,2.650570676229257,1.4657305800512936,2.650570676229257,1.938880615948981,0.5122743540994974
904,,,,,,,,,,,1.4002367704963317,1.374583939405588,2.6124505587855285,1.374583939405588,2.6124505587855285,1.7957570895624826,0.5775844434305245,0.40823970037453183,0.48314606741573035,0.07434944237918216,0.07434944237918216,0.48314606741573035,0.3219117367231481,0.1777039825880182,1.700340591566393,1.4742036008656247,2.650570676229257,1.4742036008656247,2.650570676229257,1.9417049562204252,0.5096746945477608
905,,,,,,,,,,,1.4002367704963317,1.3797879915971023,2.6124505587855285,1.3797879915971023,2.6124505587855285,1.7974917736263205,0.5763233492121971,0.40823970037453183,0.5093632958801498,0.07434944237918216,0.07434944237918216,0.5093632958801498,0.3306508128779546,0.18587502931030073,1.700340591566393,1.414687060684747,2.650570676229257,1.414687060684747,2.650570676229257,1.9218661094934657,0.528303728368752
906,,,,,,,,,,,1.4002367704963317,1.3829772820839514,2.6124505587855285,1.3829772820839514,2.6124505587855285,1.7985548704552705,0.5755542928904869,0.40823970037453183,0.4943820224719101,0.07434944237918216,0.07434944237918216,0.4943820224719101,0.32565705507520804,0.18114775196565172,1.700340591566393,1.4903525288185377,2.650570676229257,1.4903525288185377,2.650570676229257,1.9470879322047292,0.5047703933336811
907,,,,,,,,,,,1.4002367704963317,1.3989559650421142,2.6124505587855285,1.3989559650421142,2.6124505587855285,1.8038810981079916,0.5717451878071356,0.40823970037453183,0.48314606741573035,0.07434944237918216,0.07434944237918216,0.48314606741573035,0.3219117367231481,0.1777039825880182,1.700340591566393,1.4580764364213978,2.650570676229257,1.4580764364213978,2.650570676229257,1.9363292347390157,0.5146381303230279
908,,,,,,,,,,,1.4002367704963317,1.4106540569892296,2.6124505587855285,1.4002367704963317,2.6124505587855285,1.8077804620903635,0.56900357547267,0.40823970037453183,0.4681647940074906,0.07434944237918216,0.07434944237918216,0.4681647940074906,0.3169179789204015,0.1732577567316807,1.700340591566393,1.452213525325618,2.650570676229257,1.452213525325618,2.650570676229257,1.9343749310404228,0.5164584651387795
909,,,,,,,,,,,1.4002367704963317,1.3814047299898589,2.6124505587855285,1.3814047299898589,2.6124505587855285,1.7980306864239062,0.5759331314256022,0.40823970037453183,0.4794007490636704,0.07434944237918216,0.07434944237918216,0.4794007490636704,0.32066329727246146,0.17657644245845305,1.700340591566393,1.4688852869169542,2.650570676229257,1.4688852869169542,2.650570676229257,1.9399321849042017,0.5113043376353947
910,,,,,,,,,,,1.4002367704963317,1.3918889320813692,2.6124505587855285,1.3918889320813692,2.6124505587855285,1.8015254204544098,0.5734207917312606,0.40823970037453183,0.4794007490636704,0.07434944237918216,0.07434944237918216,0.4794007490636704,0.32066329727246146,0.17657644245845305,1.700340591566393,1.4481533274668432,2.650570676229257,1.4481533274668432,2.650570676229257,1.9330215317541644,0.5177239837958749
911,,,,,,,,,,,1.4002367704963317,1.3840543160071739,2.6124505587855285,1.3840543160071739,2.6124505587855285,1.798913881763011,0.5752952352800852,0.40823970037453183,0.4868913857677903,0.07434944237918216,0.07434944237918216,0.4868913857677903,0.32316017617383475,0.17884184417593688,1.700340591566393,1.4424419670962216,2.650570676229257,1.4424419670962216,2.650570676229257,1.931117744963957,0.5195108695401703
912,,,,,,,,,,,1.4002367704963317,1.3722929147573617,2.6124505587855285,1.3722929147573617,2.6124505587855285,1.7949934146797404,0.5781420538273636,0.40823970037453183,0.4756554307116105,0.07434944237918216,0.07434944237918216,0.4756554307116105,0.3194148578217748,0.17545942277111312,1.700340591566393,1.4408458167694034,2.650570676229257,1.4408458167694034,2.650570676229257,1.930585694855018,0.5200116438376374
913,,,,,,,,,,,1.4002367704963317,1.332291831420018,2.6124505587855285,1.332291831420018,2.6124505587855285,1.7816597202339597,0.5881123428690789,0.40823970037453183,0.46441947565543074,0.07434944237918216,0.07434944237918216,0.46441947565543074,0.31566953946971493,0.17217352435356448,1.700340591566393,1.4723363453975777,2.650570676229257,1.4723363453975777,2.650570676229257,1.941082537731076,0.510246050495878
914,,,,,,,,,,,1.4002367704963317,1.3396759363321158,2.6124505587855285,1.3396759363321158,2.6124505587855285,1.784121088537992,0.5862389655644359,0.40823970037453183,0.4868913857677903,0.07434944237918216,0.07434944237918216,0.4868913857677903,0.32316017617383475,0.17884184417593688,1.700340591566393,1.4601461722163225,2.650570676229257,1.4601461722163225,2.650570676229257,1.9370191466706574,0.513997521896291
915,,,,,,,,,,,1.4002367704963317,1.341547508423145,2.6124505587855285,1.341547508423145,2.6124505587855285,1.7847449459016687,0.5857664742712512,0.40823970037453183,0.4868913857677903,0.07434944237918216,0.07434944237918216,0.4868913857677903,0.32316017617383475,0.17884184417593688,1.700340591566393,1.4506307826952989,2.650570676229257,1.4506307826952989,2.650570676229257,1.93384735016365,0.5169513141205981
916,,,,,,,,,,,1.4002367704963317,1.375179096368643,2.6124505587855285,1.375179096368643,2.6124505587855285,1.7959554752168343,0.5774398311380208,0.40823970037453183,0.45318352059925093,0.07434944237918216,0.07434944237918216,0.45318352059925093,0.311924221117655,0.16898977950076094,1.700340591566393,1.5118674785456854,2.650570676229257,1.5118674785456854,2.650570676229257,1.9542595821137787,0.49834217389537366
917,,,,,,,,,,,1.4002367704963317,1.3680052060347336,2.6124505587855285,1.3680052060347336,2.6124505587855285,1.7935641784388647,0.5791896041740024,0.40823970037453183,0.4794007490636704,0.07434944237918216,0.07434944237918216,0.4794007490636704,0.32066329727246146,0.17657644245845305,1.700340591566393,1.48145803664061,2.650570676229257,1.48145803664061,2.650570676229257,1.9441231014787534,0.5074633156632186
918,,,,,,,,,,,1.4002367704963317,1.336916551223168,2.6124505587855285,1.336916551223168,2.6124505587855285,1.783201293501676,0.5869373166546021,0.40823970037453183,0.48314606741573035,0.07434944237918216,0.07434944237918216,0.48314606741573035,0.3219117367231481,0.1777039825880182,1.700340591566393,1.4705912580204368,2.650570676229257,1.4705912580204368,2.650570676229257,1.9405008419386955,0.5107808181227846
919,,,,,,,,,,,1.4002367704963317,1.3546468844780555,2.6124505587855285,1.3546468844780555,2.6124505587855285,1.7891114045866388,0.5824861266184787,0.40823970037453183,0.49063670411985016,0.07434944237918216,0.07434944237918216,0.49063670411985016,0.3244086156245214,0.17998983147140737,1.700340591566393,1.4466219894894947,2.650570676229257,1.4466219894894947,2.650570676229257,1.932511085761715,0.5182023181839146
920,,,,,,,,,,,1.4002367704963317,1.3662873332317058,2.6124505587855285,1.3662873332317058,2.6124505587855285,1.7929915541711885,0.5796107522900116,0.40823970037453183,0.4606741573033708,0.07434944237918216,0.07434944237918216,0.4606741573033708,0.3144211000190283,0.17110064030625013,1.700340591566393,1.4767300515585624,2.650570676229257,1.4767300515585624,2.650570676229257,1.9425471064514042,0.5089030358993607
921,,,,,,,,,,,1.4002367704963317,1.352405647131113,2.6124505587855285,1.352405647131113,2.6124505587855285,1.788364325470991,0.5830440486758562,0.40823970037453183,0.4794007490636704,0.07434944237918216,0.07434944237918216,0.4794007490636704,0.32066329727246146,0.17657644245845305,1.700340591566393,1.4529620181308704,2.650570676229257,1.4529620181308704,2.650570676229257,1.9346244286421737,0.5162256042495812
